chr1	0	1000000	0
chr1	1000000	2000000	0
chr1	2000000	3000000	0
chr1	3000000	4000000	15954
chr1	4000000	5000000	16878
chr1	5000000	6000000	15482
chr1	6000000	7000000	16420
chr1	7000000	8000000	14324
chr1	8000000	9000000	13385
chr1	9000000	10000000	15996
chr1	10000000	11000000	16459
chr1	11000000	12000000	15501
chr1	12000000	13000000	17054
chr1	13000000	14000000	17382
chr1	14000000	15000000	17044
chr1	15000000	16000000	16521
chr1	16000000	17000000	16832
chr1	17000000	18000000	14995
chr1	18000000	19000000	15454
chr1	19000000	20000000	15092
chr1	20000000	21000000	16135
chr1	21000000	22000000	17244
chr1	22000000	23000000	16306
chr1	23000000	24000000	17578
chr1	24000000	25000000	17037
chr1	25000000	26000000	15573
chr1	26000000	27000000	14457
chr1	27000000	28000000	14575
chr1	28000000	29000000	15202
chr1	29000000	30000000	13514
chr1	30000000	31000000	15102
chr1	31000000	32000000	15452
chr1	32000000	33000000	16054
chr1	33000000	34000000	16737
chr1	34000000	35000000	18525
chr1	35000000	36000000	18749
chr1	36000000	37000000	20830
chr1	37000000	38000000	20210
chr1	38000000	39000000	19826
chr1	39000000	40000000	20305
chr1	40000000	41000000	19280
chr1	41000000	42000000	17666
chr1	42000000	43000000	18419
chr1	43000000	44000000	18981
chr1	44000000	45000000	13939
chr1	45000000	46000000	15056
chr1	46000000	47000000	12669
chr1	47000000	48000000	14936
chr1	48000000	49000000	14041
chr1	49000000	50000000	14961
chr1	50000000	51000000	15267
chr1	51000000	52000000	17782
chr1	52000000	53000000	17845
chr1	53000000	54000000	15828
chr1	54000000	55000000	18283
chr1	55000000	56000000	18147
chr1	56000000	57000000	17488
chr1	57000000	58000000	18393
chr1	58000000	59000000	17452
chr1	59000000	60000000	18557
chr1	60000000	61000000	17195
chr1	61000000	62000000	17715
chr1	62000000	63000000	18059
chr1	63000000	64000000	17830
chr1	64000000	65000000	18595
chr1	65000000	66000000	15506
chr1	66000000	67000000	14883
chr1	67000000	68000000	15228
chr1	68000000	69000000	14452
chr1	69000000	70000000	16823
chr1	70000000	71000000	16941
chr1	71000000	72000000	18355
chr1	72000000	73000000	19491
chr1	73000000	74000000	18189
chr1	74000000	75000000	20378
chr1	75000000	76000000	18147
chr1	76000000	77000000	17830
chr1	77000000	78000000	17867
chr1	78000000	79000000	17275
chr1	79000000	80000000	16296
chr1	80000000	81000000	17095
chr1	81000000	82000000	16524
chr1	82000000	83000000	18304
chr1	83000000	84000000	17188
chr1	84000000	85000000	17232
chr1	85000000	86000000	9617
chr1	86000000	87000000	18781
chr1	87000000	88000000	19968
chr1	88000000	89000000	24959
chr1	89000000	90000000	20620
chr1	90000000	91000000	20530
chr1	91000000	92000000	21393
chr1	92000000	93000000	21485
chr1	93000000	94000000	18465
chr1	94000000	95000000	15565
chr1	95000000	96000000	14661
chr1	96000000	97000000	14928
chr1	97000000	98000000	15983
chr1	98000000	99000000	15403
chr1	99000000	100000000	15221
chr1	100000000	101000000	15939
chr1	101000000	102000000	14032
chr1	102000000	103000000	15980
chr1	103000000	104000000	15564
chr1	104000000	105000000	15944
chr1	105000000	106000000	17864
chr1	106000000	107000000	19102
chr1	107000000	108000000	15952
chr1	108000000	109000000	15296
chr1	109000000	110000000	14808
chr1	110000000	111000000	15011
chr1	111000000	112000000	14699
chr1	112000000	113000000	15229
chr1	113000000	114000000	16595
chr1	114000000	115000000	15138
chr1	115000000	116000000	16104
chr1	116000000	117000000	17241
chr1	117000000	118000000	14133
chr1	118000000	119000000	18765
chr1	119000000	120000000	20047
chr1	120000000	121000000	20424
chr1	121000000	122000000	18514
chr1	122000000	123000000	17268
chr1	123000000	124000000	17284
chr1	124000000	125000000	17187
chr1	125000000	126000000	18315
chr1	126000000	127000000	18933
chr1	127000000	128000000	19167
chr1	128000000	129000000	18852
chr1	129000000	130000000	17639
chr1	130000000	131000000	17430
chr1	131000000	132000000	19552
chr1	132000000	133000000	21441
chr1	133000000	134000000	20110
chr1	134000000	135000000	20056
chr1	135000000	136000000	21286
chr1	136000000	137000000	19614
chr1	137000000	138000000	17138
chr1	138000000	139000000	17576
chr1	139000000	140000000	15069
chr1	140000000	141000000	14797
chr1	141000000	142000000	14897
chr1	142000000	143000000	15328
chr1	143000000	144000000	15562
chr1	144000000	145000000	15221
chr1	145000000	146000000	15225
chr1	146000000	147000000	14433
chr1	147000000	148000000	14846
chr1	148000000	149000000	14337
chr1	149000000	150000000	16206
chr1	150000000	151000000	17306
chr1	151000000	152000000	18915
chr1	152000000	153000000	19219
chr1	153000000	154000000	18959
chr1	154000000	155000000	19096
chr1	155000000	156000000	19353
chr1	156000000	157000000	18235
chr1	157000000	158000000	18339
chr1	158000000	159000000	19029
chr1	159000000	160000000	18992
chr1	160000000	161000000	17868
chr1	161000000	162000000	18203
chr1	162000000	163000000	17521
chr1	163000000	164000000	17199
chr1	164000000	165000000	18874
chr1	165000000	166000000	18417
chr1	166000000	167000000	17198
chr1	167000000	168000000	19236
chr1	168000000	169000000	18026
chr1	169000000	170000000	17812
chr1	170000000	171000000	19384
chr1	171000000	172000000	17874
chr1	172000000	173000000	18232
chr1	173000000	174000000	14696
chr1	174000000	175000000	16339
chr1	175000000	176000000	17716
chr1	176000000	177000000	18098
chr1	177000000	178000000	17275
chr1	178000000	179000000	17968
chr1	179000000	180000000	19034
chr1	180000000	181000000	20141
chr1	181000000	182000000	19064
chr1	182000000	183000000	19589
chr1	183000000	184000000	18028
chr1	184000000	185000000	19202
chr1	185000000	186000000	19564
chr1	186000000	187000000	18790
chr1	187000000	188000000	19499
chr1	188000000	189000000	19493
chr1	189000000	190000000	19800
chr1	190000000	191000000	20738
chr1	191000000	192000000	19998
chr1	192000000	193000000	19397
chr1	193000000	194000000	20437
chr1	194000000	195000000	19377
chr1	195000000	196000000	5419
chr2	0	1000000	0
chr2	1000000	2000000	0
chr2	2000000	3000000	0
chr2	3000000	4000000	17820
chr2	4000000	5000000	19468
chr2	5000000	6000000	19596
chr2	6000000	7000000	18831
chr2	7000000	8000000	16763
chr2	8000000	9000000	15820
chr2	9000000	10000000	17496
chr2	10000000	11000000	18514
chr2	11000000	12000000	17954
chr2	12000000	13000000	17229
chr2	13000000	14000000	17305
chr2	14000000	15000000	17436
chr2	15000000	16000000	15668
chr2	16000000	17000000	16001
chr2	17000000	18000000	17589
chr2	18000000	19000000	17295
chr2	19000000	20000000	17419
chr2	20000000	21000000	17962
chr2	21000000	22000000	16588
chr2	22000000	23000000	14151
chr2	23000000	24000000	15596
chr2	24000000	25000000	18937
chr2	25000000	26000000	22116
chr2	26000000	27000000	21200
chr2	27000000	28000000	22976
chr2	28000000	29000000	21704
chr2	29000000	30000000	20970
chr2	30000000	31000000	21447
chr2	31000000	32000000	21951
chr2	32000000	33000000	21974
chr2	33000000	34000000	22184
chr2	34000000	35000000	19937
chr2	35000000	36000000	20858
chr2	36000000	37000000	16760
chr2	37000000	38000000	17951
chr2	38000000	39000000	19472
chr2	39000000	40000000	16062
chr2	40000000	41000000	15588
chr2	41000000	42000000	16276
chr2	42000000	43000000	16244
chr2	43000000	44000000	16971
chr2	44000000	45000000	17177
chr2	45000000	46000000	17278
chr2	46000000	47000000	15859
chr2	47000000	48000000	15330
chr2	48000000	49000000	16467
chr2	49000000	50000000	18557
chr2	50000000	51000000	18107
chr2	51000000	52000000	17952
chr2	52000000	53000000	19153
chr2	53000000	54000000	15921
chr2	54000000	55000000	15350
chr2	55000000	56000000	14977
chr2	56000000	57000000	15090
chr2	57000000	58000000	16972
chr2	58000000	59000000	17689
chr2	59000000	60000000	18432
chr2	60000000	61000000	18908
chr2	61000000	62000000	17414
chr2	62000000	63000000	16522
chr2	63000000	64000000	16147
chr2	64000000	65000000	16349
chr2	65000000	66000000	17752
chr2	66000000	67000000	16726
chr2	67000000	68000000	16479
chr2	68000000	69000000	17744
chr2	69000000	70000000	18617
chr2	70000000	71000000	18970
chr2	71000000	72000000	18852
chr2	72000000	73000000	18998
chr2	73000000	74000000	18632
chr2	74000000	75000000	18042
chr2	75000000	76000000	18496
chr2	76000000	77000000	18823
chr2	77000000	78000000	18835
chr2	78000000	79000000	16740
chr2	79000000	80000000	17758
chr2	80000000	81000000	16780
chr2	81000000	82000000	15334
chr2	82000000	83000000	15148
chr2	83000000	84000000	14277
chr2	84000000	85000000	17194
chr2	85000000	86000000	16822
chr2	86000000	87000000	14799
chr2	87000000	88000000	15004
chr2	88000000	89000000	14154
chr2	89000000	90000000	14498
chr2	90000000	91000000	14646
chr2	91000000	92000000	19912
chr2	92000000	93000000	21080
chr2	93000000	94000000	21488
chr2	94000000	95000000	18079
chr2	95000000	96000000	15345
chr2	96000000	97000000	16347
chr2	97000000	98000000	15202
chr2	98000000	99000000	19500
chr2	99000000	100000000	14674
chr2	100000000	101000000	10387
chr2	101000000	102000000	18133
chr2	102000000	103000000	19648
chr2	103000000	104000000	19915
chr2	104000000	105000000	18900
chr2	105000000	106000000	18208
chr2	106000000	107000000	18386
chr2	107000000	108000000	16158
chr2	108000000	109000000	15861
chr2	109000000	110000000	17409
chr2	110000000	111000000	15886
chr2	111000000	112000000	13940
chr2	112000000	113000000	17290
chr2	113000000	114000000	18110
chr2	114000000	115000000	17604
chr2	115000000	116000000	17630
chr2	116000000	117000000	16675
chr2	117000000	118000000	18540
chr2	118000000	119000000	20034
chr2	119000000	120000000	19386
chr2	120000000	121000000	19850
chr2	121000000	122000000	18940
chr2	122000000	123000000	18056
chr2	123000000	124000000	16474
chr2	124000000	125000000	18134
chr2	125000000	126000000	19297
chr2	126000000	127000000	18028
chr2	127000000	128000000	19919
chr2	128000000	129000000	20016
chr2	129000000	130000000	18970
chr2	130000000	131000000	20349
chr2	131000000	132000000	19444
chr2	132000000	133000000	19492
chr2	133000000	134000000	17548
chr2	134000000	135000000	17156
chr2	135000000	136000000	18197
chr2	136000000	137000000	17515
chr2	137000000	138000000	17430
chr2	138000000	139000000	16835
chr2	139000000	140000000	16870
chr2	140000000	141000000	17222
chr2	141000000	142000000	17704
chr2	142000000	143000000	18264
chr2	143000000	144000000	17987
chr2	144000000	145000000	19570
chr2	145000000	146000000	19255
chr2	146000000	147000000	18861
chr2	147000000	148000000	17820
chr2	148000000	149000000	19025
chr2	149000000	150000000	16925
chr2	150000000	151000000	17038
chr2	151000000	152000000	14744
chr2	152000000	153000000	20352
chr2	153000000	154000000	21074
chr2	154000000	155000000	18724
chr2	155000000	156000000	19435
chr2	156000000	157000000	20102
chr2	157000000	158000000	20777
chr2	158000000	159000000	21133
chr2	159000000	160000000	18566
chr2	160000000	161000000	19766
chr2	161000000	162000000	19207
chr2	162000000	163000000	19534
chr2	163000000	164000000	20667
chr2	164000000	165000000	19699
chr2	165000000	166000000	20245
chr2	166000000	167000000	20797
chr2	167000000	168000000	21028
chr2	168000000	169000000	20602
chr2	169000000	170000000	19978
chr2	170000000	171000000	19519
chr2	171000000	172000000	18519
chr2	172000000	173000000	20174
chr2	173000000	174000000	20703
chr2	174000000	175000000	19337
chr2	175000000	176000000	1146
chr2	176000000	177000000	378
chr2	177000000	178000000	4004
chr2	178000000	179000000	19470
chr2	179000000	180000000	21779
chr2	180000000	181000000	22642
chr2	181000000	182000000	20447
chr2	182000000	183000000	94
chr3	0	1000000	0
chr3	1000000	2000000	0
chr3	2000000	3000000	0
chr3	3000000	4000000	15331
chr3	4000000	5000000	14340
chr3	5000000	6000000	15533
chr3	6000000	7000000	14944
chr3	7000000	8000000	15611
chr3	8000000	9000000	16956
chr3	9000000	10000000	18759
chr3	10000000	11000000	17231
chr3	11000000	12000000	14267
chr3	12000000	13000000	14573
chr3	13000000	14000000	15574
chr3	14000000	15000000	16117
chr3	15000000	16000000	10974
chr3	16000000	17000000	15204
chr3	17000000	18000000	15175
chr3	18000000	19000000	16645
chr3	19000000	20000000	17586
chr3	20000000	21000000	16333
chr3	21000000	22000000	17044
chr3	22000000	23000000	15568
chr3	23000000	24000000	15611
chr3	24000000	25000000	16302
chr3	25000000	26000000	15934
chr3	26000000	27000000	16930
chr3	27000000	28000000	19395
chr3	28000000	29000000	17861
chr3	29000000	30000000	17113
chr3	30000000	31000000	18508
chr3	31000000	32000000	16575
chr3	32000000	33000000	19058
chr3	33000000	34000000	16766
chr3	34000000	35000000	18991
chr3	35000000	36000000	17266
chr3	36000000	37000000	16787
chr3	37000000	38000000	17572
chr3	38000000	39000000	16816
chr3	39000000	40000000	16734
chr3	40000000	41000000	16183
chr3	41000000	42000000	17456
chr3	42000000	43000000	15617
chr3	43000000	44000000	14592
chr3	44000000	45000000	14064
chr3	45000000	46000000	15462
chr3	46000000	47000000	15202
chr3	47000000	48000000	15246
chr3	48000000	49000000	15500
chr3	49000000	50000000	15199
chr3	50000000	51000000	16308
chr3	51000000	52000000	18625
chr3	52000000	53000000	18650
chr3	53000000	54000000	18367
chr3	54000000	55000000	18593
chr3	55000000	56000000	18500
chr3	56000000	57000000	16100
chr3	57000000	58000000	17648
chr3	58000000	59000000	17346
chr3	59000000	60000000	15813
chr3	60000000	61000000	16555
chr3	61000000	62000000	15025
chr3	62000000	63000000	15384
chr3	63000000	64000000	17375
chr3	64000000	65000000	12962
chr3	65000000	66000000	18296
chr3	66000000	67000000	16526
chr3	67000000	68000000	16903
chr3	68000000	69000000	18509
chr3	69000000	70000000	17574
chr3	70000000	71000000	15432
chr3	71000000	72000000	14507
chr3	72000000	73000000	15035
chr3	73000000	74000000	14531
chr3	74000000	75000000	14157
chr3	75000000	76000000	15876
chr3	76000000	77000000	15418
chr3	77000000	78000000	14628
chr3	78000000	79000000	15216
chr3	79000000	80000000	18068
chr3	80000000	81000000	15545
chr3	81000000	82000000	16104
chr3	82000000	83000000	17327
chr3	83000000	84000000	17982
chr3	84000000	85000000	18758
chr3	85000000	86000000	19071
chr3	86000000	87000000	17243
chr3	87000000	88000000	19042
chr3	88000000	89000000	18679
chr3	89000000	90000000	20691
chr3	90000000	91000000	17282
chr3	91000000	92000000	13300
chr3	92000000	93000000	16252
chr3	93000000	94000000	12756
chr3	94000000	95000000	14516
chr3	95000000	96000000	18327
chr3	96000000	97000000	17721
chr3	97000000	98000000	19059
chr3	98000000	99000000	15032
chr3	99000000	100000000	17085
chr3	100000000	101000000	19315
chr3	101000000	102000000	19817
chr3	102000000	103000000	18253
chr3	103000000	104000000	18481
chr3	104000000	105000000	18014
chr3	105000000	106000000	19932
chr3	106000000	107000000	17888
chr3	107000000	108000000	20350
chr3	108000000	109000000	19814
chr3	109000000	110000000	18062
chr3	110000000	111000000	15916
chr3	111000000	112000000	13988
chr3	112000000	113000000	13438
chr3	113000000	114000000	10421
chr3	114000000	115000000	14885
chr3	115000000	116000000	16585
chr3	116000000	117000000	18138
chr3	117000000	118000000	16776
chr3	118000000	119000000	15901
chr3	119000000	120000000	16939
chr3	120000000	121000000	16540
chr3	121000000	122000000	18408
chr3	122000000	123000000	18602
chr3	123000000	124000000	17023
chr3	124000000	125000000	15995
chr3	125000000	126000000	16349
chr3	126000000	127000000	15893
chr3	127000000	128000000	16193
chr3	128000000	129000000	16646
chr3	129000000	130000000	17773
chr3	130000000	131000000	18501
chr3	131000000	132000000	16623
chr3	132000000	133000000	17723
chr3	133000000	134000000	16779
chr3	134000000	135000000	15718
chr3	135000000	136000000	17508
chr3	136000000	137000000	17291
chr3	137000000	138000000	16988
chr3	138000000	139000000	18379
chr3	139000000	140000000	15978
chr3	140000000	141000000	15164
chr3	141000000	142000000	15790
chr3	142000000	143000000	17672
chr3	143000000	144000000	17813
chr3	144000000	145000000	17417
chr3	145000000	146000000	18309
chr3	146000000	147000000	18606
chr3	147000000	148000000	16658
chr3	148000000	149000000	16819
chr3	149000000	150000000	17132
chr3	150000000	151000000	15422
chr3	151000000	152000000	15894
chr3	152000000	153000000	19028
chr3	153000000	154000000	18039
chr3	154000000	155000000	18916
chr3	155000000	156000000	17515
chr3	156000000	157000000	16726
chr3	157000000	158000000	18150
chr3	158000000	159000000	15303
chr3	159000000	160000000	13622
chr3	160000000	161000000	0
chr4	0	1000000	0
chr4	1000000	2000000	0
chr4	2000000	3000000	0
chr4	3000000	4000000	13728
chr4	4000000	5000000	16422
chr4	5000000	6000000	16444
chr4	6000000	7000000	17396
chr4	7000000	8000000	15688
chr4	8000000	9000000	17088
chr4	9000000	10000000	18210
chr4	10000000	11000000	15566
chr4	11000000	12000000	19343
chr4	12000000	13000000	16443
chr4	13000000	14000000	16507
chr4	14000000	15000000	15923
chr4	15000000	16000000	16383
chr4	16000000	17000000	15140
chr4	17000000	18000000	14780
chr4	18000000	19000000	14675
chr4	19000000	20000000	16130
chr4	20000000	21000000	15986
chr4	21000000	22000000	15264
chr4	22000000	23000000	16776
chr4	23000000	24000000	14845
chr4	24000000	25000000	14921
chr4	25000000	26000000	14898
chr4	26000000	27000000	14328
chr4	27000000	28000000	14246
chr4	28000000	29000000	15806
chr4	29000000	30000000	15676
chr4	30000000	31000000	14593
chr4	31000000	32000000	17116
chr4	32000000	33000000	18311
chr4	33000000	34000000	19127
chr4	34000000	35000000	17468
chr4	35000000	36000000	16377
chr4	36000000	37000000	15762
chr4	37000000	38000000	13789
chr4	38000000	39000000	13954
chr4	39000000	40000000	15133
chr4	40000000	41000000	18536
chr4	41000000	42000000	15420
chr4	42000000	43000000	2884
chr4	43000000	44000000	19350
chr4	44000000	45000000	19300
chr4	45000000	46000000	20084
chr4	46000000	47000000	20446
chr4	47000000	48000000	19385
chr4	48000000	49000000	17680
chr4	49000000	50000000	16390
chr4	50000000	51000000	14392
chr4	51000000	52000000	15024
chr4	52000000	53000000	16635
chr4	53000000	54000000	18291
chr4	54000000	55000000	15695
chr4	55000000	56000000	16812
chr4	56000000	57000000	17927
chr4	57000000	58000000	19437
chr4	58000000	59000000	17540
chr4	59000000	60000000	17956
chr4	60000000	61000000	2780
chr4	61000000	62000000	4116
chr4	62000000	63000000	17828
chr4	63000000	64000000	19846
chr4	64000000	65000000	16781
chr4	65000000	66000000	17855
chr4	66000000	67000000	16604
chr4	67000000	68000000	12182
chr4	68000000	69000000	15322
chr4	69000000	70000000	15908
chr4	70000000	71000000	15359
chr4	71000000	72000000	11369
chr4	72000000	73000000	13155
chr4	73000000	74000000	12557
chr4	74000000	75000000	14204
chr4	75000000	76000000	14467
chr4	76000000	77000000	14991
chr4	77000000	78000000	13609
chr4	78000000	79000000	13361
chr4	79000000	80000000	15056
chr4	80000000	81000000	15467
chr4	81000000	82000000	16054
chr4	82000000	83000000	17561
chr4	83000000	84000000	16624
chr4	84000000	85000000	18538
chr4	85000000	86000000	17260
chr4	86000000	87000000	16984
chr4	87000000	88000000	18074
chr4	88000000	89000000	16049
chr4	89000000	90000000	14925
chr4	90000000	91000000	12900
chr4	91000000	92000000	13656
chr4	92000000	93000000	11830
chr4	93000000	94000000	13752
chr4	94000000	95000000	16401
chr4	95000000	96000000	18784
chr4	96000000	97000000	16351
chr4	97000000	98000000	18050
chr4	98000000	99000000	18182
chr4	99000000	100000000	16926
chr4	100000000	101000000	17543
chr4	101000000	102000000	18048
chr4	102000000	103000000	18347
chr4	103000000	104000000	19338
chr4	104000000	105000000	19467
chr4	105000000	106000000	18529
chr4	106000000	107000000	20122
chr4	107000000	108000000	20724
chr4	108000000	109000000	17486
chr4	109000000	110000000	18039
chr4	110000000	111000000	16229
chr4	111000000	112000000	16693
chr4	112000000	113000000	2251
chr4	113000000	114000000	817
chr4	114000000	115000000	15643
chr4	115000000	116000000	16088
chr4	116000000	117000000	18925
chr4	117000000	118000000	20753
chr4	118000000	119000000	18655
chr4	119000000	120000000	19064
chr4	120000000	121000000	20224
chr4	121000000	122000000	11693
chr4	122000000	123000000	8460
chr4	123000000	124000000	18504
chr4	124000000	125000000	19137
chr4	125000000	126000000	20845
chr4	126000000	127000000	19692
chr4	127000000	128000000	19888
chr4	128000000	129000000	19966
chr4	129000000	130000000	17756
chr4	130000000	131000000	16394
chr4	131000000	132000000	20276
chr4	132000000	133000000	18679
chr4	133000000	134000000	16655
chr4	134000000	135000000	18556
chr4	135000000	136000000	19414
chr4	136000000	137000000	19328
chr4	137000000	138000000	21176
chr4	138000000	139000000	20715
chr4	139000000	140000000	21419
chr4	140000000	141000000	20080
chr4	141000000	142000000	18395
chr4	142000000	143000000	19443
chr4	143000000	144000000	10518
chr4	144000000	145000000	10557
chr4	145000000	146000000	11473
chr4	146000000	147000000	4786
chr4	147000000	148000000	10910
chr4	148000000	149000000	18735
chr4	149000000	150000000	19161
chr4	150000000	151000000	18989
chr4	151000000	152000000	20516
chr4	152000000	153000000	21063
chr4	153000000	154000000	21392
chr4	154000000	155000000	21124
chr4	155000000	156000000	19698
chr4	156000000	157000000	5044
chr5	0	1000000	0
chr5	1000000	2000000	0
chr5	2000000	3000000	0
chr5	3000000	4000000	15790
chr5	4000000	5000000	16934
chr5	5000000	6000000	16531
chr5	6000000	7000000	14343
chr5	7000000	8000000	14724
chr5	8000000	9000000	15898
chr5	9000000	10000000	16485
chr5	10000000	11000000	12943
chr5	11000000	12000000	2764
chr5	12000000	13000000	15671
chr5	13000000	14000000	14923
chr5	14000000	15000000	14468
chr5	15000000	16000000	7188
chr5	16000000	17000000	15278
chr5	17000000	18000000	15308
chr5	18000000	19000000	15389
chr5	19000000	20000000	16403
chr5	20000000	21000000	17646
chr5	21000000	22000000	17800
chr5	22000000	23000000	16673
chr5	23000000	24000000	16055
chr5	24000000	25000000	19470
chr5	25000000	26000000	17352
chr5	26000000	27000000	16716
chr5	27000000	28000000	18809
chr5	28000000	29000000	18903
chr5	29000000	30000000	18792
chr5	30000000	31000000	19170
chr5	31000000	32000000	18700
chr5	32000000	33000000	18685
chr5	33000000	34000000	20807
chr5	34000000	35000000	20263
chr5	35000000	36000000	23143
chr5	36000000	37000000	21385
chr5	37000000	38000000	20528
chr5	38000000	39000000	20487
chr5	39000000	40000000	17598
chr5	40000000	41000000	15515
chr5	41000000	42000000	16787
chr5	42000000	43000000	15924
chr5	43000000	44000000	17392
chr5	44000000	45000000	18779
chr5	45000000	46000000	17694
chr5	46000000	47000000	16430
chr5	47000000	48000000	15860
chr5	48000000	49000000	17189
chr5	49000000	50000000	17088
chr5	50000000	51000000	16404
chr5	51000000	52000000	17692
chr5	52000000	53000000	19789
chr5	53000000	54000000	19191
chr5	54000000	55000000	17626
chr5	55000000	56000000	15390
chr5	56000000	57000000	14775
chr5	57000000	58000000	15197
chr5	58000000	59000000	14649
chr5	59000000	60000000	14565
chr5	60000000	61000000	15257
chr5	61000000	62000000	14541
chr5	62000000	63000000	15601
chr5	63000000	64000000	16791
chr5	64000000	65000000	18531
chr5	65000000	66000000	19312
chr5	66000000	67000000	19388
chr5	67000000	68000000	17763
chr5	68000000	69000000	15536
chr5	69000000	70000000	15853
chr5	70000000	71000000	14197
chr5	71000000	72000000	16146
chr5	72000000	73000000	18060
chr5	73000000	74000000	18678
chr5	74000000	75000000	19368
chr5	75000000	76000000	19352
chr5	76000000	77000000	18664
chr5	77000000	78000000	17115
chr5	78000000	79000000	15142
chr5	79000000	80000000	14452
chr5	80000000	81000000	15013
chr5	81000000	82000000	16346
chr5	82000000	83000000	14191
chr5	83000000	84000000	15288
chr5	84000000	85000000	15199
chr5	85000000	86000000	15091
chr5	86000000	87000000	15649
chr5	87000000	88000000	14974
chr5	88000000	89000000	16064
chr5	89000000	90000000	16690
chr5	90000000	91000000	17293
chr5	91000000	92000000	17581
chr5	92000000	93000000	18600
chr5	93000000	94000000	8162
chr5	94000000	95000000	314
chr5	95000000	96000000	3484
chr5	96000000	97000000	17547
chr5	97000000	98000000	16938
chr5	98000000	99000000	17257
chr5	99000000	100000000	18506
chr5	100000000	101000000	19194
chr5	101000000	102000000	18467
chr5	102000000	103000000	18074
chr5	103000000	104000000	18807
chr5	104000000	105000000	15544
chr5	105000000	106000000	17054
chr5	106000000	107000000	19028
chr5	107000000	108000000	18834
chr5	108000000	109000000	17813
chr5	109000000	110000000	12230
chr5	110000000	111000000	19991
chr5	111000000	112000000	21580
chr5	112000000	113000000	21255
chr5	113000000	114000000	20827
chr5	114000000	115000000	20648
chr5	115000000	116000000	19959
chr5	116000000	117000000	19941
chr5	117000000	118000000	20707
chr5	118000000	119000000	20964
chr5	119000000	120000000	18780
chr5	120000000	121000000	20800
chr5	121000000	122000000	20797
chr5	122000000	123000000	19318
chr5	123000000	124000000	18596
chr5	124000000	125000000	19382
chr5	125000000	126000000	20205
chr5	126000000	127000000	18055
chr5	127000000	128000000	18961
chr5	128000000	129000000	20259
chr5	129000000	130000000	18928
chr5	130000000	131000000	20242
chr5	131000000	132000000	20015
chr5	132000000	133000000	19475
chr5	133000000	134000000	18634
chr5	134000000	135000000	20568
chr5	135000000	136000000	19964
chr5	136000000	137000000	20552
chr5	137000000	138000000	17888
chr5	138000000	139000000	16951
chr5	139000000	140000000	21684
chr5	140000000	141000000	21618
chr5	141000000	142000000	19516
chr5	142000000	143000000	21247
chr5	143000000	144000000	18798
chr5	144000000	145000000	19662
chr5	145000000	146000000	15016
chr5	146000000	147000000	17666
chr5	147000000	148000000	18563
chr5	148000000	149000000	19437
chr5	149000000	150000000	18789
chr5	150000000	151000000	19416
chr5	151000000	152000000	11391
chr6	0	1000000	0
chr6	1000000	2000000	0
chr6	2000000	3000000	0
chr6	3000000	4000000	11898
chr6	4000000	5000000	16808
chr6	5000000	6000000	17784
chr6	6000000	7000000	16952
chr6	7000000	8000000	14296
chr6	8000000	9000000	14896
chr6	9000000	10000000	14942
chr6	10000000	11000000	12595
chr6	11000000	12000000	13819
chr6	12000000	13000000	14694
chr6	13000000	14000000	15687
chr6	14000000	15000000	15109
chr6	15000000	16000000	16348
chr6	16000000	17000000	15751
chr6	17000000	18000000	16369
chr6	18000000	19000000	13406
chr6	19000000	20000000	11176
chr6	20000000	21000000	12667
chr6	21000000	22000000	16782
chr6	22000000	23000000	17380
chr6	23000000	24000000	16281
chr6	24000000	25000000	16954
chr6	25000000	26000000	15433
chr6	26000000	27000000	14303
chr6	27000000	28000000	16565
chr6	28000000	29000000	19136
chr6	29000000	30000000	19613
chr6	30000000	31000000	18218
chr6	31000000	32000000	19398
chr6	32000000	33000000	19656
chr6	33000000	34000000	17848
chr6	34000000	35000000	19231
chr6	35000000	36000000	16884
chr6	36000000	37000000	17075
chr6	37000000	38000000	18831
chr6	38000000	39000000	19862
chr6	39000000	40000000	19422
chr6	40000000	41000000	17422
chr6	41000000	42000000	14870
chr6	42000000	43000000	16468
chr6	43000000	44000000	16744
chr6	44000000	45000000	15481
chr6	45000000	46000000	16347
chr6	46000000	47000000	16295
chr6	47000000	48000000	15606
chr6	48000000	49000000	19167
chr6	49000000	50000000	18589
chr6	50000000	51000000	19354
chr6	51000000	52000000	19270
chr6	52000000	53000000	19358
chr6	53000000	54000000	18754
chr6	54000000	55000000	19842
chr6	55000000	56000000	19367
chr6	56000000	57000000	16040
chr6	57000000	58000000	13527
chr6	58000000	59000000	15503
chr6	59000000	60000000	15336
chr6	60000000	61000000	15167
chr6	61000000	62000000	16411
chr6	62000000	63000000	15011
chr6	63000000	64000000	15823
chr6	64000000	65000000	16460
chr6	65000000	66000000	16587
chr6	66000000	67000000	16158
chr6	67000000	68000000	16106
chr6	68000000	69000000	13939
chr6	69000000	70000000	12031
chr6	70000000	71000000	13779
chr6	71000000	72000000	19281
chr6	72000000	73000000	19858
chr6	73000000	74000000	17148
chr6	74000000	75000000	15234
chr6	75000000	76000000	14712
chr6	76000000	77000000	16117
chr6	77000000	78000000	18014
chr6	78000000	79000000	15361
chr6	79000000	80000000	15030
chr6	80000000	81000000	16160
chr6	81000000	82000000	16772
chr6	82000000	83000000	18126
chr6	83000000	84000000	20436
chr6	84000000	85000000	19884
chr6	85000000	86000000	17522
chr6	86000000	87000000	20088
chr6	87000000	88000000	20218
chr6	88000000	89000000	21288
chr6	89000000	90000000	18447
chr6	90000000	91000000	20524
chr6	91000000	92000000	22054
chr6	92000000	93000000	19701
chr6	93000000	94000000	19347
chr6	94000000	95000000	19786
chr6	95000000	96000000	18292
chr6	96000000	97000000	17600
chr6	97000000	98000000	18785
chr6	98000000	99000000	18073
chr6	99000000	100000000	19889
chr6	100000000	101000000	20484
chr6	101000000	102000000	17827
chr6	102000000	103000000	15757
chr6	103000000	104000000	16279
chr6	104000000	105000000	15038
chr6	105000000	106000000	14791
chr6	106000000	107000000	15787
chr6	107000000	108000000	15187
chr6	108000000	109000000	17770
chr6	109000000	110000000	15156
chr6	110000000	111000000	15438
chr6	111000000	112000000	16044
chr6	112000000	113000000	19572
chr6	113000000	114000000	21273
chr6	114000000	115000000	18603
chr6	115000000	116000000	19998
chr6	116000000	117000000	18026
chr6	117000000	118000000	18555
chr6	118000000	119000000	20040
chr6	119000000	120000000	19271
chr6	120000000	121000000	19012
chr6	121000000	122000000	17354
chr6	122000000	123000000	15851
chr6	123000000	124000000	10948
chr6	124000000	125000000	16921
chr6	125000000	126000000	20095
chr6	126000000	127000000	19405
chr6	127000000	128000000	19678
chr6	128000000	129000000	16490
chr6	129000000	130000000	13324
chr6	130000000	131000000	5010
chr6	131000000	132000000	13760
chr6	132000000	133000000	11176
chr6	133000000	134000000	12729
chr6	134000000	135000000	18774
chr6	135000000	136000000	19578
chr6	136000000	137000000	19141
chr6	137000000	138000000	18867
chr6	138000000	139000000	16454
chr6	139000000	140000000	16013
chr6	140000000	141000000	18620
chr6	141000000	142000000	17364
chr6	142000000	143000000	18145
chr6	143000000	144000000	18817
chr6	144000000	145000000	18696
chr6	145000000	146000000	20164
chr6	146000000	147000000	18730
chr6	147000000	148000000	19355
chr6	148000000	149000000	18558
chr6	149000000	150000000	9885
chr7	0	1000000	0
chr7	1000000	2000000	0
chr7	2000000	3000000	0
chr7	3000000	4000000	12602
chr7	4000000	5000000	17503
chr7	5000000	6000000	11103
chr7	6000000	7000000	18604
chr7	7000000	8000000	4858
chr7	8000000	9000000	1508
chr7	9000000	10000000	816
chr7	10000000	11000000	12340
chr7	11000000	12000000	10223
chr7	12000000	13000000	15159
chr7	13000000	14000000	13971
chr7	14000000	15000000	12487
chr7	15000000	16000000	8322
chr7	16000000	17000000	18827
chr7	17000000	18000000	10442
chr7	18000000	19000000	13565
chr7	19000000	20000000	19172
chr7	20000000	21000000	1346
chr7	21000000	22000000	758
chr7	22000000	23000000	688
chr7	23000000	24000000	7882
chr7	24000000	25000000	18321
chr7	25000000	26000000	18213
chr7	26000000	27000000	12671
chr7	27000000	28000000	18192
chr7	28000000	29000000	19254
chr7	29000000	30000000	18591
chr7	30000000	31000000	19406
chr7	31000000	32000000	10888
chr7	32000000	33000000	1490
chr7	33000000	34000000	10136
chr7	34000000	35000000	19443
chr7	35000000	36000000	20467
chr7	36000000	37000000	19010
chr7	37000000	38000000	18602
chr7	38000000	39000000	7892
chr7	39000000	40000000	10264
chr7	40000000	41000000	18684
chr7	41000000	42000000	13867
chr7	42000000	43000000	13249
chr7	43000000	44000000	18183
chr7	44000000	45000000	19481
chr7	45000000	46000000	19837
chr7	46000000	47000000	21290
chr7	47000000	48000000	15085
chr7	48000000	49000000	16780
chr7	49000000	50000000	20697
chr7	50000000	51000000	16669
chr7	51000000	52000000	16937
chr7	52000000	53000000	15890
chr7	53000000	54000000	14095
chr7	54000000	55000000	15857
chr7	55000000	56000000	16110
chr7	56000000	57000000	17149
chr7	57000000	58000000	18072
chr7	58000000	59000000	16052
chr7	59000000	60000000	8947
chr7	60000000	61000000	11564
chr7	61000000	62000000	15911
chr7	62000000	63000000	15321
chr7	63000000	64000000	18253
chr7	64000000	65000000	19380
chr7	65000000	66000000	19493
chr7	66000000	67000000	20475
chr7	67000000	68000000	19092
chr7	68000000	69000000	19738
chr7	69000000	70000000	16848
chr7	70000000	71000000	17424
chr7	71000000	72000000	17330
chr7	72000000	73000000	16984
chr7	73000000	74000000	18932
chr7	74000000	75000000	18290
chr7	75000000	76000000	17201
chr7	76000000	77000000	16661
chr7	77000000	78000000	16587
chr7	78000000	79000000	19411
chr7	79000000	80000000	20104
chr7	80000000	81000000	19802
chr7	81000000	82000000	19205
chr7	82000000	83000000	18487
chr7	83000000	84000000	18481
chr7	84000000	85000000	18368
chr7	85000000	86000000	12717
chr7	86000000	87000000	14035
chr7	87000000	88000000	15353
chr7	88000000	89000000	16416
chr7	89000000	90000000	17070
chr7	90000000	91000000	17128
chr7	91000000	92000000	17306
chr7	92000000	93000000	17152
chr7	93000000	94000000	14937
chr7	94000000	95000000	15376
chr7	95000000	96000000	17372
chr7	96000000	97000000	19953
chr7	97000000	98000000	17682
chr7	98000000	99000000	20139
chr7	99000000	100000000	20275
chr7	100000000	101000000	19626
chr7	101000000	102000000	20032
chr7	102000000	103000000	18108
chr7	103000000	104000000	12896
chr7	104000000	105000000	14080
chr7	105000000	106000000	15294
chr7	106000000	107000000	10014
chr7	107000000	108000000	17058
chr7	108000000	109000000	15852
chr7	109000000	110000000	20289
chr7	110000000	111000000	19423
chr7	111000000	112000000	20486
chr7	112000000	113000000	20067
chr7	113000000	114000000	19057
chr7	114000000	115000000	18225
chr7	115000000	116000000	18217
chr7	116000000	117000000	17594
chr7	117000000	118000000	18777
chr7	118000000	119000000	18461
chr7	119000000	120000000	18958
chr7	120000000	121000000	18610
chr7	121000000	122000000	19719
chr7	122000000	123000000	19689
chr7	123000000	124000000	18708
chr7	124000000	125000000	18823
chr7	125000000	126000000	20934
chr7	126000000	127000000	20721
chr7	127000000	128000000	19484
chr7	128000000	129000000	17936
chr7	129000000	130000000	17809
chr7	130000000	131000000	19917
chr7	131000000	132000000	19114
chr7	132000000	133000000	21008
chr7	133000000	134000000	20024
chr7	134000000	135000000	20100
chr7	135000000	136000000	20154
chr7	136000000	137000000	19731
chr7	137000000	138000000	20698
chr7	138000000	139000000	20487
chr7	139000000	140000000	21266
chr7	140000000	141000000	18133
chr7	141000000	142000000	21118
chr7	142000000	143000000	21148
chr7	143000000	144000000	21435
chr7	144000000	145000000	23113
chr7	145000000	146000000	7995
chr8	0	1000000	0
chr8	1000000	2000000	0
chr8	2000000	3000000	0
chr8	3000000	4000000	15955
chr8	4000000	5000000	15212
chr8	5000000	6000000	13772
chr8	6000000	7000000	14085
chr8	7000000	8000000	14715
chr8	8000000	9000000	18567
chr8	9000000	10000000	18822
chr8	10000000	11000000	20064
chr8	11000000	12000000	20472
chr8	12000000	13000000	21524
chr8	13000000	14000000	21322
chr8	14000000	15000000	21268
chr8	15000000	16000000	16587
chr8	16000000	17000000	16859
chr8	17000000	18000000	18156
chr8	18000000	19000000	18953
chr8	19000000	20000000	11961
chr8	20000000	21000000	5012
chr8	21000000	22000000	6581
chr8	22000000	23000000	19383
chr8	23000000	24000000	19511
chr8	24000000	25000000	18407
chr8	25000000	26000000	19268
chr8	26000000	27000000	19152
chr8	27000000	28000000	17307
chr8	28000000	29000000	16821
chr8	29000000	30000000	15452
chr8	30000000	31000000	14988
chr8	31000000	32000000	16784
chr8	32000000	33000000	17165
chr8	33000000	34000000	16409
chr8	34000000	35000000	16751
chr8	35000000	36000000	17405
chr8	36000000	37000000	16934
chr8	37000000	38000000	13732
chr8	38000000	39000000	13727
chr8	39000000	40000000	14329
chr8	40000000	41000000	14942
chr8	41000000	42000000	15465
chr8	42000000	43000000	13743
chr8	43000000	44000000	15006
chr8	44000000	45000000	17449
chr8	45000000	46000000	17909
chr8	46000000	47000000	18744
chr8	47000000	48000000	18210
chr8	48000000	49000000	18047
chr8	49000000	50000000	16110
chr8	50000000	51000000	15553
chr8	51000000	52000000	14124
chr8	52000000	53000000	14189
chr8	53000000	54000000	15892
chr8	54000000	55000000	15297
chr8	55000000	56000000	9934
chr8	56000000	57000000	15620
chr8	57000000	58000000	16842
chr8	58000000	59000000	15133
chr8	59000000	60000000	14843
chr8	60000000	61000000	15820
chr8	61000000	62000000	18679
chr8	62000000	63000000	16015
chr8	63000000	64000000	15463
chr8	64000000	65000000	17391
chr8	65000000	66000000	15746
chr8	66000000	67000000	17520
chr8	67000000	68000000	16792
chr8	68000000	69000000	17311
chr8	69000000	70000000	15226
chr8	70000000	71000000	21086
chr8	71000000	72000000	16380
chr8	72000000	73000000	17284
chr8	73000000	74000000	16539
chr8	74000000	75000000	15596
chr8	75000000	76000000	16530
chr8	76000000	77000000	16777
chr8	77000000	78000000	18558
chr8	78000000	79000000	19145
chr8	79000000	80000000	18677
chr8	80000000	81000000	17595
chr8	81000000	82000000	15768
chr8	82000000	83000000	16008
chr8	83000000	84000000	17648
chr8	84000000	85000000	19796
chr8	85000000	86000000	17247
chr8	86000000	87000000	18441
chr8	87000000	88000000	20984
chr8	88000000	89000000	19790
chr8	89000000	90000000	17788
chr8	90000000	91000000	17000
chr8	91000000	92000000	18668
chr8	92000000	93000000	18688
chr8	93000000	94000000	18655
chr8	94000000	95000000	19848
chr8	95000000	96000000	19923
chr8	96000000	97000000	16267
chr8	97000000	98000000	15459
chr8	98000000	99000000	15196
chr8	99000000	100000000	16166
chr8	100000000	101000000	15368
chr8	101000000	102000000	15456
chr8	102000000	103000000	15764
chr8	103000000	104000000	18246
chr8	104000000	105000000	18056
chr8	105000000	106000000	20259
chr8	106000000	107000000	19473
chr8	107000000	108000000	18552
chr8	108000000	109000000	18898
chr8	109000000	110000000	18626
chr8	110000000	111000000	19875
chr8	111000000	112000000	20061
chr8	112000000	113000000	17958
chr8	113000000	114000000	18781
chr8	114000000	115000000	19447
chr8	115000000	116000000	19189
chr8	116000000	117000000	19582
chr8	117000000	118000000	20876
chr8	118000000	119000000	20256
chr8	119000000	120000000	21102
chr8	120000000	121000000	21887
chr8	121000000	122000000	21190
chr8	122000000	123000000	22366
chr8	123000000	124000000	18323
chr8	124000000	125000000	21007
chr8	125000000	126000000	21381
chr8	126000000	127000000	20531
chr8	127000000	128000000	19857
chr8	128000000	129000000	18158
chr8	129000000	130000000	3627
chr9	0	1000000	0
chr9	1000000	2000000	0
chr9	2000000	3000000	0
chr9	3000000	4000000	14973
chr9	4000000	5000000	15299
chr9	5000000	6000000	15068
chr9	6000000	7000000	16135
chr9	7000000	8000000	16616
chr9	8000000	9000000	15802
chr9	9000000	10000000	16227
chr9	10000000	11000000	16168
chr9	11000000	12000000	15452
chr9	12000000	13000000	16085
chr9	13000000	14000000	16726
chr9	14000000	15000000	19813
chr9	15000000	16000000	20023
chr9	16000000	17000000	17641
chr9	17000000	18000000	15321
chr9	18000000	19000000	15230
chr9	19000000	20000000	13499
chr9	20000000	21000000	17885
chr9	21000000	22000000	21619
chr9	22000000	23000000	18848
chr9	23000000	24000000	17871
chr9	24000000	25000000	17684
chr9	25000000	26000000	17535
chr9	26000000	27000000	18266
chr9	27000000	28000000	19689
chr9	28000000	29000000	19700
chr9	29000000	30000000	19613
chr9	30000000	31000000	19100
chr9	31000000	32000000	18921
chr9	32000000	33000000	18255
chr9	33000000	34000000	16347
chr9	34000000	35000000	19301
chr9	35000000	36000000	17064
chr9	36000000	37000000	15149
chr9	37000000	38000000	18553
chr9	38000000	39000000	14242
chr9	39000000	40000000	15470
chr9	40000000	41000000	17320
chr9	41000000	42000000	17927
chr9	42000000	43000000	20108
chr9	43000000	44000000	20880
chr9	44000000	45000000	18820
chr9	45000000	46000000	19722
chr9	46000000	47000000	21277
chr9	47000000	48000000	21092
chr9	48000000	49000000	18084
chr9	49000000	50000000	19983
chr9	50000000	51000000	18960
chr9	51000000	52000000	17873
chr9	52000000	53000000	17245
chr9	53000000	54000000	17737
chr9	54000000	55000000	18896
chr9	55000000	56000000	17671
chr9	56000000	57000000	20419
chr9	57000000	58000000	20206
chr9	58000000	59000000	19743
chr9	59000000	60000000	18225
chr9	60000000	61000000	20561
chr9	61000000	62000000	20470
chr9	62000000	63000000	19283
chr9	63000000	64000000	20325
chr9	64000000	65000000	20501
chr9	65000000	66000000	19406
chr9	66000000	67000000	19020
chr9	67000000	68000000	19312
chr9	68000000	69000000	18789
chr9	69000000	70000000	18863
chr9	70000000	71000000	18516
chr9	71000000	72000000	18343
chr9	72000000	73000000	18105
chr9	73000000	74000000	17855
chr9	74000000	75000000	17891
chr9	75000000	76000000	18690
chr9	76000000	77000000	16779
chr9	77000000	78000000	18037
chr9	78000000	79000000	16986
chr9	79000000	80000000	16324
chr9	80000000	81000000	16327
chr9	81000000	82000000	15487
chr9	82000000	83000000	16125
chr9	83000000	84000000	17496
chr9	84000000	85000000	16036
chr9	85000000	86000000	16992
chr9	86000000	87000000	17590
chr9	87000000	88000000	16422
chr9	88000000	89000000	12151
chr9	89000000	90000000	14902
chr9	90000000	91000000	16586
chr9	91000000	92000000	14743
chr9	92000000	93000000	16525
chr9	93000000	94000000	14872
chr9	94000000	95000000	17608
chr9	95000000	96000000	18274
chr9	96000000	97000000	19317
chr9	97000000	98000000	19411
chr9	98000000	99000000	19058
chr9	99000000	100000000	19774
chr9	100000000	101000000	17494
chr9	101000000	102000000	18453
chr9	102000000	103000000	19649
chr9	103000000	104000000	19920
chr9	104000000	105000000	17716
chr9	105000000	106000000	17470
chr9	106000000	107000000	19381
chr9	107000000	108000000	19633
chr9	108000000	109000000	19810
chr9	109000000	110000000	15594
chr9	110000000	111000000	19995
chr9	111000000	112000000	18375
chr9	112000000	113000000	17481
chr9	113000000	114000000	19504
chr9	114000000	115000000	16989
chr9	115000000	116000000	18732
chr9	116000000	117000000	19382
chr9	117000000	118000000	18837
chr9	118000000	119000000	19360
chr9	119000000	120000000	20716
chr9	120000000	121000000	20709
chr9	121000000	122000000	20304
chr9	122000000	123000000	19660
chr9	123000000	124000000	19021
chr9	124000000	125000000	5651
chr10	0	1000000	0
chr10	1000000	2000000	0
chr10	2000000	3000000	0
chr10	3000000	4000000	15892
chr10	4000000	5000000	18143
chr10	5000000	6000000	17281
chr10	6000000	7000000	16328
chr10	7000000	8000000	16330
chr10	8000000	9000000	18343
chr10	9000000	10000000	18272
chr10	10000000	11000000	16131
chr10	11000000	12000000	16630
chr10	12000000	13000000	17666
chr10	13000000	14000000	18282
chr10	14000000	15000000	17027
chr10	15000000	16000000	13901
chr10	16000000	17000000	15285
chr10	17000000	18000000	17190
chr10	18000000	19000000	18477
chr10	19000000	20000000	17481
chr10	20000000	21000000	18667
chr10	21000000	22000000	18323
chr10	22000000	23000000	12213
chr10	23000000	24000000	17167
chr10	24000000	25000000	18088
chr10	25000000	26000000	17561
chr10	26000000	27000000	17214
chr10	27000000	28000000	16207
chr10	28000000	29000000	16731
chr10	29000000	30000000	16085
chr10	30000000	31000000	16673
chr10	31000000	32000000	16698
chr10	32000000	33000000	15316
chr10	33000000	34000000	15383
chr10	34000000	35000000	16789
chr10	35000000	36000000	15694
chr10	36000000	37000000	16775
chr10	37000000	38000000	16827
chr10	38000000	39000000	15277
chr10	39000000	40000000	19329
chr10	40000000	41000000	18603
chr10	41000000	42000000	19178
chr10	42000000	43000000	19007
chr10	43000000	44000000	19298
chr10	44000000	45000000	17588
chr10	45000000	46000000	17546
chr10	46000000	47000000	15887
chr10	47000000	48000000	14635
chr10	48000000	49000000	14272
chr10	49000000	50000000	15351
chr10	50000000	51000000	15371
chr10	51000000	52000000	15746
chr10	52000000	53000000	16336
chr10	53000000	54000000	17893
chr10	54000000	55000000	16437
chr10	55000000	56000000	15585
chr10	56000000	57000000	16441
chr10	57000000	58000000	14570
chr10	58000000	59000000	15192
chr10	59000000	60000000	19973
chr10	60000000	61000000	22209
chr10	61000000	62000000	20796
chr10	62000000	63000000	19815
chr10	63000000	64000000	17687
chr10	64000000	65000000	17145
chr10	65000000	66000000	15501
chr10	66000000	67000000	16749
chr10	67000000	68000000	18493
chr10	68000000	69000000	17677
chr10	69000000	70000000	18322
chr10	70000000	71000000	18631
chr10	71000000	72000000	17639
chr10	72000000	73000000	17411
chr10	73000000	74000000	16856
chr10	74000000	75000000	17198
chr10	75000000	76000000	20816
chr10	76000000	77000000	20800
chr10	77000000	78000000	21648
chr10	78000000	79000000	18292
chr10	79000000	80000000	18356
chr10	80000000	81000000	22227
chr10	81000000	82000000	15141
chr10	82000000	83000000	15702
chr10	83000000	84000000	19672
chr10	84000000	85000000	20285
chr10	85000000	86000000	18878
chr10	86000000	87000000	19075
chr10	87000000	88000000	18336
chr10	88000000	89000000	18096
chr10	89000000	90000000	18519
chr10	90000000	91000000	18230
chr10	91000000	92000000	17549
chr10	92000000	93000000	16408
chr10	93000000	94000000	14946
chr10	94000000	95000000	18480
chr10	95000000	96000000	19014
chr10	96000000	97000000	17926
chr10	97000000	98000000	16654
chr10	98000000	99000000	16676
chr10	99000000	100000000	17678
chr10	100000000	101000000	15244
chr10	101000000	102000000	15764
chr10	102000000	103000000	16006
chr10	103000000	104000000	14437
chr10	104000000	105000000	12999
chr10	105000000	106000000	16432
chr10	106000000	107000000	15316
chr10	107000000	108000000	15944
chr10	108000000	109000000	17346
chr10	109000000	110000000	16955
chr10	110000000	111000000	17422
chr10	111000000	112000000	19086
chr10	112000000	113000000	15119
chr10	113000000	114000000	16533
chr10	114000000	115000000	16255
chr10	115000000	116000000	17746
chr10	116000000	117000000	18574
chr10	117000000	118000000	18408
chr10	118000000	119000000	14971
chr10	119000000	120000000	19450
chr10	120000000	121000000	18507
chr10	121000000	122000000	18964
chr10	122000000	123000000	16923
chr10	123000000	124000000	18282
chr10	124000000	125000000	16971
chr10	125000000	126000000	17932
chr10	126000000	127000000	17874
chr10	127000000	128000000	19599
chr10	128000000	129000000	19165
chr10	129000000	130000000	14200
chr10	130000000	131000000	8310
chr11	0	1000000	0
chr11	1000000	2000000	0
chr11	2000000	3000000	0
chr11	3000000	4000000	27636
chr11	4000000	5000000	20494
chr11	5000000	6000000	19798
chr11	6000000	7000000	19352
chr11	7000000	8000000	17955
chr11	8000000	9000000	19070
chr11	9000000	10000000	17254
chr11	10000000	11000000	15607
chr11	11000000	12000000	17586
chr11	12000000	13000000	17088
chr11	13000000	14000000	15148
chr11	14000000	15000000	14761
chr11	15000000	16000000	15054
chr11	16000000	17000000	16708
chr11	17000000	18000000	16913
chr11	18000000	19000000	15302
chr11	19000000	20000000	18978
chr11	20000000	21000000	19467
chr11	21000000	22000000	17582
chr11	22000000	23000000	18211
chr11	23000000	24000000	17986
chr11	24000000	25000000	18296
chr11	25000000	26000000	17123
chr11	26000000	27000000	15847
chr11	27000000	28000000	14495
chr11	28000000	29000000	16417
chr11	29000000	30000000	16693
chr11	30000000	31000000	17833
chr11	31000000	32000000	17862
chr11	32000000	33000000	20676
chr11	33000000	34000000	20189
chr11	34000000	35000000	17496
chr11	35000000	36000000	20770
chr11	36000000	37000000	19105
chr11	37000000	38000000	17280
chr11	38000000	39000000	15924
chr11	39000000	40000000	16182
chr11	40000000	41000000	15569
chr11	41000000	42000000	14929
chr11	42000000	43000000	16555
chr11	43000000	44000000	18844
chr11	44000000	45000000	18447
chr11	45000000	46000000	17994
chr11	46000000	47000000	17751
chr11	47000000	48000000	17632
chr11	48000000	49000000	16916
chr11	49000000	50000000	17189
chr11	50000000	51000000	21106
chr11	51000000	52000000	19439
chr11	52000000	53000000	19604
chr11	53000000	54000000	20176
chr11	54000000	55000000	19335
chr11	55000000	56000000	19586
chr11	56000000	57000000	18381
chr11	57000000	58000000	18609
chr11	58000000	59000000	18415
chr11	59000000	60000000	22396
chr11	60000000	61000000	19407
chr11	61000000	62000000	20932
chr11	62000000	63000000	19810
chr11	63000000	64000000	19165
chr11	64000000	65000000	19568
chr11	65000000	66000000	19587
chr11	66000000	67000000	19196
chr11	67000000	68000000	19920
chr11	68000000	69000000	20605
chr11	69000000	70000000	19760
chr11	70000000	71000000	19759
chr11	71000000	72000000	18959
chr11	72000000	73000000	20003
chr11	73000000	74000000	17943
chr11	74000000	75000000	18469
chr11	75000000	76000000	20940
chr11	76000000	77000000	19961
chr11	77000000	78000000	18947
chr11	78000000	79000000	20419
chr11	79000000	80000000	19600
chr11	80000000	81000000	19489
chr11	81000000	82000000	20761
chr11	82000000	83000000	20386
chr11	83000000	84000000	18146
chr11	84000000	85000000	19708
chr11	85000000	86000000	18774
chr11	86000000	87000000	18579
chr11	87000000	88000000	19686
chr11	88000000	89000000	20261
chr11	89000000	90000000	19023
chr11	90000000	91000000	18014
chr11	91000000	92000000	16532
chr11	92000000	93000000	16488
chr11	93000000	94000000	18744
chr11	94000000	95000000	19556
chr11	95000000	96000000	20192
chr11	96000000	97000000	18768
chr11	97000000	98000000	20204
chr11	98000000	99000000	20041
chr11	99000000	100000000	18315
chr11	100000000	101000000	20399
chr11	101000000	102000000	19765
chr11	102000000	103000000	20036
chr11	103000000	104000000	19931
chr11	104000000	105000000	18581
chr11	105000000	106000000	18502
chr11	106000000	107000000	19468
chr11	107000000	108000000	20341
chr11	108000000	109000000	18869
chr11	109000000	110000000	19598
chr11	110000000	111000000	17481
chr11	111000000	112000000	17251
chr11	112000000	113000000	18905
chr11	113000000	114000000	20585
chr11	114000000	115000000	20189
chr11	115000000	116000000	19468
chr11	116000000	117000000	20759
chr11	117000000	118000000	20704
chr11	118000000	119000000	22287
chr11	119000000	120000000	22307
chr11	120000000	121000000	21818
chr11	121000000	122000000	18698
chr11	122000000	123000000	0
chr12	0	1000000	0
chr12	1000000	2000000	0
chr12	2000000	3000000	0
chr12	3000000	4000000	17597
chr12	4000000	5000000	18859
chr12	5000000	6000000	19184
chr12	6000000	7000000	15883
chr12	7000000	8000000	17601
chr12	8000000	9000000	18571
chr12	9000000	10000000	17590
chr12	10000000	11000000	15793
chr12	11000000	12000000	16430
chr12	12000000	13000000	17968
chr12	13000000	14000000	18766
chr12	14000000	15000000	16062
chr12	15000000	16000000	16025
chr12	16000000	17000000	17389
chr12	17000000	18000000	15996
chr12	18000000	19000000	3402
chr12	19000000	20000000	3222
chr12	20000000	21000000	6016
chr12	21000000	22000000	10880
chr12	22000000	23000000	408
chr12	23000000	24000000	1338
chr12	24000000	25000000	9991
chr12	25000000	26000000	17394
chr12	26000000	27000000	16101
chr12	27000000	28000000	15814
chr12	28000000	29000000	16683
chr12	29000000	30000000	18047
chr12	30000000	31000000	15848
chr12	31000000	32000000	18365
chr12	32000000	33000000	17237
chr12	33000000	34000000	16548
chr12	34000000	35000000	16139
chr12	35000000	36000000	15127
chr12	36000000	37000000	17020
chr12	37000000	38000000	16132
chr12	38000000	39000000	16008
chr12	39000000	40000000	16222
chr12	40000000	41000000	18199
chr12	41000000	42000000	16929
chr12	42000000	43000000	14862
chr12	43000000	44000000	15244
chr12	44000000	45000000	16845
chr12	45000000	46000000	15800
chr12	46000000	47000000	16199
chr12	47000000	48000000	14964
chr12	48000000	49000000	14860
chr12	49000000	50000000	15227
chr12	50000000	51000000	14785
chr12	51000000	52000000	15063
chr12	52000000	53000000	14949
chr12	53000000	54000000	16390
chr12	54000000	55000000	17489
chr12	55000000	56000000	14864
chr12	56000000	57000000	17249
chr12	57000000	58000000	16955
chr12	58000000	59000000	15664
chr12	59000000	60000000	15780
chr12	60000000	61000000	15313
chr12	61000000	62000000	15349
chr12	62000000	63000000	14576
chr12	63000000	64000000	14110
chr12	64000000	65000000	15107
chr12	65000000	66000000	16335
chr12	66000000	67000000	15645
chr12	67000000	68000000	14485
chr12	68000000	69000000	15337
chr12	69000000	70000000	18232
chr12	70000000	71000000	18910
chr12	71000000	72000000	17943
chr12	72000000	73000000	17911
chr12	73000000	74000000	17324
chr12	74000000	75000000	16542
chr12	75000000	76000000	18245
chr12	76000000	77000000	18990
chr12	77000000	78000000	17679
chr12	78000000	79000000	16884
chr12	79000000	80000000	18604
chr12	80000000	81000000	19395
chr12	81000000	82000000	19468
chr12	82000000	83000000	18402
chr12	83000000	84000000	19797
chr12	84000000	85000000	19438
chr12	85000000	86000000	19790
chr12	86000000	87000000	20829
chr12	87000000	88000000	11597
chr12	88000000	89000000	14410
chr12	89000000	90000000	18020
chr12	90000000	91000000	16885
chr12	91000000	92000000	17169
chr12	92000000	93000000	15519
chr12	93000000	94000000	15272
chr12	94000000	95000000	15356
chr12	95000000	96000000	15967
chr12	96000000	97000000	15434
chr12	97000000	98000000	16135
chr12	98000000	99000000	17279
chr12	99000000	100000000	19053
chr12	100000000	101000000	19527
chr12	101000000	102000000	14649
chr12	102000000	103000000	20237
chr12	103000000	104000000	15409
chr12	104000000	105000000	18924
chr12	105000000	106000000	20642
chr12	106000000	107000000	20067
chr12	107000000	108000000	20266
chr12	108000000	109000000	21181
chr12	109000000	110000000	18859
chr12	110000000	111000000	20703
chr12	111000000	112000000	21171
chr12	112000000	113000000	22440
chr12	113000000	114000000	12374
chr12	114000000	115000000	7706
chr12	115000000	116000000	4714
chr12	116000000	117000000	17194
chr12	117000000	118000000	19084
chr12	118000000	119000000	17250
chr12	119000000	120000000	13857
chr12	120000000	121000000	465
chr13	0	1000000	0
chr13	1000000	2000000	0
chr13	2000000	3000000	0
chr13	3000000	4000000	14427
chr13	4000000	5000000	14132
chr13	5000000	6000000	16541
chr13	6000000	7000000	16530
chr13	7000000	8000000	16049
chr13	8000000	9000000	17053
chr13	9000000	10000000	17977
chr13	10000000	11000000	16274
chr13	11000000	12000000	16554
chr13	12000000	13000000	20869
chr13	13000000	14000000	13154
chr13	14000000	15000000	15961
chr13	15000000	16000000	17163
chr13	16000000	17000000	16764
chr13	17000000	18000000	15936
chr13	18000000	19000000	17360
chr13	19000000	20000000	15138
chr13	20000000	21000000	17004
chr13	21000000	22000000	15896
chr13	22000000	23000000	12270
chr13	23000000	24000000	17276
chr13	24000000	25000000	19709
chr13	25000000	26000000	17610
chr13	26000000	27000000	16466
chr13	27000000	28000000	14787
chr13	28000000	29000000	17631
chr13	29000000	30000000	18823
chr13	30000000	31000000	18479
chr13	31000000	32000000	19325
chr13	32000000	33000000	18378
chr13	33000000	34000000	13357
chr13	34000000	35000000	19112
chr13	35000000	36000000	18465
chr13	36000000	37000000	19143
chr13	37000000	38000000	18916
chr13	38000000	39000000	19120
chr13	39000000	40000000	16331
chr13	40000000	41000000	17370
chr13	41000000	42000000	19112
chr13	42000000	43000000	18907
chr13	43000000	44000000	19275
chr13	44000000	45000000	18665
chr13	45000000	46000000	18910
chr13	46000000	47000000	18709
chr13	47000000	48000000	18734
chr13	48000000	49000000	20140
chr13	49000000	50000000	19430
chr13	50000000	51000000	11369
chr13	51000000	52000000	19891
chr13	52000000	53000000	20373
chr13	53000000	54000000	19122
chr13	54000000	55000000	20223
chr13	55000000	56000000	19854
chr13	56000000	57000000	20270
chr13	57000000	58000000	20911
chr13	58000000	59000000	19978
chr13	59000000	60000000	20625
chr13	60000000	61000000	17844
chr13	61000000	62000000	11568
chr13	62000000	63000000	12927
chr13	63000000	64000000	18700
chr13	64000000	65000000	15637
chr13	65000000	66000000	6752
chr13	66000000	67000000	5398
chr13	67000000	68000000	13220
chr13	68000000	69000000	11096
chr13	69000000	70000000	17818
chr13	70000000	71000000	19336
chr13	71000000	72000000	19305
chr13	72000000	73000000	20347
chr13	73000000	74000000	22135
chr13	74000000	75000000	17266
chr13	75000000	76000000	16256
chr13	76000000	77000000	14922
chr13	77000000	78000000	14960
chr13	78000000	79000000	15511
chr13	79000000	80000000	15392
chr13	80000000	81000000	15324
chr13	81000000	82000000	17528
chr13	82000000	83000000	16122
chr13	83000000	84000000	16125
chr13	84000000	85000000	15590
chr13	85000000	86000000	15298
chr13	86000000	87000000	13721
chr13	87000000	88000000	13956
chr13	88000000	89000000	15537
chr13	89000000	90000000	16303
chr13	90000000	91000000	17042
chr13	91000000	92000000	17856
chr13	92000000	93000000	18366
chr13	93000000	94000000	17986
chr13	94000000	95000000	19127
chr13	95000000	96000000	18397
chr13	96000000	97000000	17952
chr13	97000000	98000000	18211
chr13	98000000	99000000	18553
chr13	99000000	100000000	18539
chr13	100000000	101000000	17182
chr13	101000000	102000000	18270
chr13	102000000	103000000	17133
chr13	103000000	104000000	18146
chr13	104000000	105000000	17372
chr13	105000000	106000000	16524
chr13	106000000	107000000	16284
chr13	107000000	108000000	19078
chr13	108000000	109000000	17517
chr13	109000000	110000000	17728
chr13	110000000	111000000	18145
chr13	111000000	112000000	18024
chr13	112000000	113000000	19152
chr13	113000000	114000000	18501
chr13	114000000	115000000	17995
chr13	115000000	116000000	16404
chr13	116000000	117000000	16416
chr13	117000000	118000000	16640
chr13	118000000	119000000	15934
chr13	119000000	120000000	10506
chr13	120000000	121000000	544
chr14	0	1000000	0
chr14	1000000	2000000	0
chr14	2000000	3000000	0
chr14	3000000	4000000	666
chr14	4000000	5000000	1966
chr14	5000000	6000000	1334
chr14	6000000	7000000	2594
chr14	7000000	8000000	6590
chr14	8000000	9000000	16717
chr14	9000000	10000000	16462
chr14	10000000	11000000	16009
chr14	11000000	12000000	16886
chr14	12000000	13000000	18041
chr14	13000000	14000000	15381
chr14	14000000	15000000	15094
chr14	15000000	16000000	14773
chr14	16000000	17000000	16182
chr14	17000000	18000000	15674
chr14	18000000	19000000	16055
chr14	19000000	20000000	13113
chr14	20000000	21000000	19485
chr14	21000000	22000000	19030
chr14	22000000	23000000	18887
chr14	23000000	24000000	19564
chr14	24000000	25000000	19324
chr14	25000000	26000000	18979
chr14	26000000	27000000	12945
chr14	27000000	28000000	19365
chr14	28000000	29000000	19144
chr14	29000000	30000000	19450
chr14	30000000	31000000	20384
chr14	31000000	32000000	19934
chr14	32000000	33000000	20088
chr14	33000000	34000000	19344
chr14	34000000	35000000	18690
chr14	35000000	36000000	16615
chr14	36000000	37000000	16398
chr14	37000000	38000000	16033
chr14	38000000	39000000	16765
chr14	39000000	40000000	16492
chr14	40000000	41000000	16357
chr14	41000000	42000000	7004
chr14	42000000	43000000	1966
chr14	43000000	44000000	7317
chr14	44000000	45000000	10814
chr14	45000000	46000000	17833
chr14	46000000	47000000	17721
chr14	47000000	48000000	18271
chr14	48000000	49000000	17956
chr14	49000000	50000000	16144
chr14	50000000	51000000	13898
chr14	51000000	52000000	12210
chr14	52000000	53000000	11640
chr14	53000000	54000000	5427
chr14	54000000	55000000	16883
chr14	55000000	56000000	19049
chr14	56000000	57000000	17863
chr14	57000000	58000000	19768
chr14	58000000	59000000	18810
chr14	59000000	60000000	18344
chr14	60000000	61000000	19531
chr14	61000000	62000000	18335
chr14	62000000	63000000	19306
chr14	63000000	64000000	20558
chr14	64000000	65000000	20006
chr14	65000000	66000000	19905
chr14	66000000	67000000	19674
chr14	67000000	68000000	19435
chr14	68000000	69000000	16689
chr14	69000000	70000000	10137
chr14	70000000	71000000	20141
chr14	71000000	72000000	17175
chr14	72000000	73000000	17516
chr14	73000000	74000000	17637
chr14	74000000	75000000	17399
chr14	75000000	76000000	19683
chr14	76000000	77000000	18970
chr14	77000000	78000000	18528
chr14	78000000	79000000	18071
chr14	79000000	80000000	18432
chr14	80000000	81000000	16473
chr14	81000000	82000000	15303
chr14	82000000	83000000	14702
chr14	83000000	84000000	13701
chr14	84000000	85000000	13419
chr14	85000000	86000000	14085
chr14	86000000	87000000	16972
chr14	87000000	88000000	16637
chr14	88000000	89000000	15065
chr14	89000000	90000000	15380
chr14	90000000	91000000	15239
chr14	91000000	92000000	14951
chr14	92000000	93000000	15330
chr14	93000000	94000000	15986
chr14	94000000	95000000	15583
chr14	95000000	96000000	14680
chr14	96000000	97000000	16014
chr14	97000000	98000000	15716
chr14	98000000	99000000	16920
chr14	99000000	100000000	17608
chr14	100000000	101000000	16837
chr14	101000000	102000000	17515
chr14	102000000	103000000	16532
chr14	103000000	104000000	17640
chr14	104000000	105000000	15998
chr14	105000000	106000000	16774
chr14	106000000	107000000	14969
chr14	107000000	108000000	14666
chr14	108000000	109000000	15715
chr14	109000000	110000000	14088
chr14	110000000	111000000	12925
chr14	111000000	112000000	14396
chr14	112000000	113000000	14754
chr14	113000000	114000000	15154
chr14	114000000	115000000	16115
chr14	115000000	116000000	16788
chr14	116000000	117000000	15795
chr14	117000000	118000000	17597
chr14	118000000	119000000	18042
chr14	119000000	120000000	17448
chr14	120000000	121000000	18292
chr14	121000000	122000000	20289
chr14	122000000	123000000	18501
chr14	123000000	124000000	15176
chr14	124000000	125000000	12054
chr15	0	1000000	0
chr15	1000000	2000000	0
chr15	2000000	3000000	0
chr15	3000000	4000000	14234
chr15	4000000	5000000	15940
chr15	5000000	6000000	16612
chr15	6000000	7000000	17290
chr15	7000000	8000000	19149
chr15	8000000	9000000	18191
chr15	9000000	10000000	15218
chr15	10000000	11000000	17255
chr15	11000000	12000000	17782
chr15	12000000	13000000	18329
chr15	13000000	14000000	16381
chr15	14000000	15000000	14261
chr15	15000000	16000000	14665
chr15	16000000	17000000	14151
chr15	17000000	18000000	11300
chr15	18000000	19000000	11920
chr15	19000000	20000000	10406
chr15	20000000	21000000	12188
chr15	21000000	22000000	14750
chr15	22000000	23000000	14522
chr15	23000000	24000000	14844
chr15	24000000	25000000	14628
chr15	25000000	26000000	17262
chr15	26000000	27000000	17204
chr15	27000000	28000000	19106
chr15	28000000	29000000	17899
chr15	29000000	30000000	15679
chr15	30000000	31000000	15386
chr15	31000000	32000000	15724
chr15	32000000	33000000	14878
chr15	33000000	34000000	10997
chr15	34000000	35000000	15200
chr15	35000000	36000000	14502
chr15	36000000	37000000	16339
chr15	37000000	38000000	16990
chr15	38000000	39000000	15508
chr15	39000000	40000000	14304
chr15	40000000	41000000	14391
chr15	41000000	42000000	15242
chr15	42000000	43000000	14307
chr15	43000000	44000000	13988
chr15	44000000	45000000	15174
chr15	45000000	46000000	15622
chr15	46000000	47000000	13785
chr15	47000000	48000000	14641
chr15	48000000	49000000	15014
chr15	49000000	50000000	13939
chr15	50000000	51000000	14961
chr15	51000000	52000000	16794
chr15	52000000	53000000	15870
chr15	53000000	54000000	17414
chr15	54000000	55000000	16160
chr15	55000000	56000000	18175
chr15	56000000	57000000	15655
chr15	57000000	58000000	17173
chr15	58000000	59000000	19457
chr15	59000000	60000000	19265
chr15	60000000	61000000	16069
chr15	61000000	62000000	17320
chr15	62000000	63000000	18795
chr15	63000000	64000000	15703
chr15	64000000	65000000	19798
chr15	65000000	66000000	16468
chr15	66000000	67000000	19784
chr15	67000000	68000000	17978
chr15	68000000	69000000	19014
chr15	69000000	70000000	18052
chr15	70000000	71000000	15880
chr15	71000000	72000000	18207
chr15	72000000	73000000	20332
chr15	73000000	74000000	20435
chr15	74000000	75000000	21136
chr15	75000000	76000000	19189
chr15	76000000	77000000	21261
chr15	77000000	78000000	18128
chr15	78000000	79000000	21177
chr15	79000000	80000000	20394
chr15	80000000	81000000	20543
chr15	81000000	82000000	20308
chr15	82000000	83000000	19076
chr15	83000000	84000000	20840
chr15	84000000	85000000	20948
chr15	85000000	86000000	20436
chr15	86000000	87000000	21455
chr15	87000000	88000000	21009
chr15	88000000	89000000	20967
chr15	89000000	90000000	19064
chr15	90000000	91000000	17593
chr15	91000000	92000000	17465
chr15	92000000	93000000	17873
chr15	93000000	94000000	18508
chr15	94000000	95000000	17882
chr15	95000000	96000000	18552
chr15	96000000	97000000	18652
chr15	97000000	98000000	18984
chr15	98000000	99000000	18998
chr15	99000000	100000000	19620
chr15	100000000	101000000	19108
chr15	101000000	102000000	20702
chr15	102000000	103000000	19158
chr15	103000000	104000000	15510
chr15	104000000	105000000	0
chr16	0	1000000	0
chr16	1000000	2000000	0
chr16	2000000	3000000	0
chr16	3000000	4000000	12057
chr16	4000000	5000000	20406
chr16	5000000	6000000	20927
chr16	6000000	7000000	20020
chr16	7000000	8000000	18674
chr16	8000000	9000000	19347
chr16	9000000	10000000	19983
chr16	10000000	11000000	20403
chr16	11000000	12000000	20192
chr16	12000000	13000000	18627
chr16	13000000	14000000	19806
chr16	14000000	15000000	17950
chr16	15000000	16000000	17229
chr16	16000000	17000000	17245
chr16	17000000	18000000	20920
chr16	18000000	19000000	21528
chr16	19000000	20000000	15030
chr16	20000000	21000000	18850
chr16	21000000	22000000	19364
chr16	22000000	23000000	19488
chr16	23000000	24000000	19046
chr16	24000000	25000000	19608
chr16	25000000	26000000	18165
chr16	26000000	27000000	16962
chr16	27000000	28000000	16093
chr16	28000000	29000000	18012
chr16	29000000	30000000	18732
chr16	30000000	31000000	20031
chr16	31000000	32000000	19641
chr16	32000000	33000000	19202
chr16	33000000	34000000	20318
chr16	34000000	35000000	20339
chr16	35000000	36000000	20718
chr16	36000000	37000000	16907
chr16	37000000	38000000	18095
chr16	38000000	39000000	18819
chr16	39000000	40000000	17094
chr16	40000000	41000000	16936
chr16	41000000	42000000	17000
chr16	42000000	43000000	17139
chr16	43000000	44000000	18407
chr16	44000000	45000000	17846
chr16	45000000	46000000	17531
chr16	46000000	47000000	17183
chr16	47000000	48000000	14998
chr16	48000000	49000000	15686
chr16	49000000	50000000	17420
chr16	50000000	51000000	17537
chr16	51000000	52000000	15497
chr16	52000000	53000000	16790
chr16	53000000	54000000	14842
chr16	54000000	55000000	15060
chr16	55000000	56000000	15947
chr16	56000000	57000000	16872
chr16	57000000	58000000	17509
chr16	58000000	59000000	15372
chr16	59000000	60000000	15256
chr16	60000000	61000000	15028
chr16	61000000	62000000	14549
chr16	62000000	63000000	15844
chr16	63000000	64000000	15158
chr16	64000000	65000000	15645
chr16	65000000	66000000	15192
chr16	66000000	67000000	15276
chr16	67000000	68000000	15592
chr16	68000000	69000000	14953
chr16	69000000	70000000	14727
chr16	70000000	71000000	15116
chr16	71000000	72000000	14889
chr16	72000000	73000000	16330
chr16	73000000	74000000	16457
chr16	74000000	75000000	16334
chr16	75000000	76000000	16318
chr16	76000000	77000000	16659
chr16	77000000	78000000	16219
chr16	78000000	79000000	15795
chr16	79000000	80000000	14982
chr16	80000000	81000000	14985
chr16	81000000	82000000	15414
chr16	82000000	83000000	14483
chr16	83000000	84000000	14808
chr16	84000000	85000000	16721
chr16	85000000	86000000	17178
chr16	86000000	87000000	15444
chr16	87000000	88000000	17118
chr16	88000000	89000000	16819
chr16	89000000	90000000	17024
chr16	90000000	91000000	19750
chr16	91000000	92000000	20081
chr16	92000000	93000000	20484
chr16	93000000	94000000	19738
chr16	94000000	95000000	20156
chr16	95000000	96000000	19908
chr16	96000000	97000000	20286
chr16	97000000	98000000	20521
chr16	98000000	99000000	1469
chr17	0	1000000	0
chr17	1000000	2000000	0
chr17	2000000	3000000	0
chr17	3000000	4000000	18099
chr17	4000000	5000000	17598
chr17	5000000	6000000	18952
chr17	6000000	7000000	11349
chr17	7000000	8000000	13370
chr17	8000000	9000000	16096
chr17	9000000	10000000	19022
chr17	10000000	11000000	18490
chr17	11000000	12000000	19234
chr17	12000000	13000000	19605
chr17	13000000	14000000	10339
chr17	14000000	15000000	18772
chr17	15000000	16000000	17832
chr17	16000000	17000000	14593
chr17	17000000	18000000	13623
chr17	18000000	19000000	10667
chr17	19000000	20000000	12511
chr17	20000000	21000000	14121
chr17	21000000	22000000	14436
chr17	22000000	23000000	11565
chr17	23000000	24000000	11683
chr17	24000000	25000000	18888
chr17	25000000	26000000	21327
chr17	26000000	27000000	19947
chr17	27000000	28000000	23939
chr17	28000000	29000000	21068
chr17	29000000	30000000	19224
chr17	30000000	31000000	19824
chr17	31000000	32000000	20400
chr17	32000000	33000000	19068
chr17	33000000	34000000	15549
chr17	34000000	35000000	18587
chr17	35000000	36000000	18179
chr17	36000000	37000000	14117
chr17	37000000	38000000	13814
chr17	38000000	39000000	14444
chr17	39000000	40000000	13658
chr17	40000000	41000000	10720
chr17	41000000	42000000	12417
chr17	42000000	43000000	14720
chr17	43000000	44000000	18207
chr17	44000000	45000000	18636
chr17	45000000	46000000	19602
chr17	46000000	47000000	20020
chr17	47000000	48000000	19540
chr17	48000000	49000000	18883
chr17	49000000	50000000	19706
chr17	50000000	51000000	18125
chr17	51000000	52000000	17663
chr17	52000000	53000000	16587
chr17	53000000	54000000	15344
chr17	54000000	55000000	14494
chr17	55000000	56000000	14227
chr17	56000000	57000000	22367
chr17	57000000	58000000	16866
chr17	58000000	59000000	15264
chr17	59000000	60000000	16098
chr17	60000000	61000000	15401
chr17	61000000	62000000	15315
chr17	62000000	63000000	16803
chr17	63000000	64000000	17833
chr17	64000000	65000000	18756
chr17	65000000	66000000	17947
chr17	66000000	67000000	19035
chr17	67000000	68000000	19053
chr17	68000000	69000000	17300
chr17	69000000	70000000	16527
chr17	70000000	71000000	16960
chr17	71000000	72000000	18454
chr17	72000000	73000000	18008
chr17	73000000	74000000	18467
chr17	74000000	75000000	14602
chr17	75000000	76000000	15021
chr17	76000000	77000000	14003
chr17	77000000	78000000	15819
chr17	78000000	79000000	17286
chr17	79000000	80000000	16722
chr17	80000000	81000000	19056
chr17	81000000	82000000	16396
chr17	82000000	83000000	15479
chr17	83000000	84000000	18393
chr17	84000000	85000000	19468
chr17	85000000	86000000	18708
chr17	86000000	87000000	20210
chr17	87000000	88000000	17925
chr17	88000000	89000000	17619
chr17	89000000	90000000	15904
chr17	90000000	91000000	16373
chr17	91000000	92000000	14630
chr17	92000000	93000000	13055
chr17	93000000	94000000	15509
chr17	94000000	95000000	13731
chr18	0	1000000	0
chr18	1000000	2000000	0
chr18	2000000	3000000	0
chr18	3000000	4000000	16051
chr18	4000000	5000000	18414
chr18	5000000	6000000	17510
chr18	6000000	7000000	16547
chr18	7000000	8000000	16628
chr18	8000000	9000000	15122
chr18	9000000	10000000	13372
chr18	10000000	11000000	15030
chr18	11000000	12000000	15031
chr18	12000000	13000000	15807
chr18	13000000	14000000	17170
chr18	14000000	15000000	18089
chr18	15000000	16000000	16913
chr18	16000000	17000000	16542
chr18	17000000	18000000	14294
chr18	18000000	19000000	14425
chr18	19000000	20000000	14921
chr18	20000000	21000000	17101
chr18	21000000	22000000	17773
chr18	22000000	23000000	16587
chr18	23000000	24000000	17591
chr18	24000000	25000000	19722
chr18	25000000	26000000	18828
chr18	26000000	27000000	16592
chr18	27000000	28000000	16213
chr18	28000000	29000000	16208
chr18	29000000	30000000	16769
chr18	30000000	31000000	16518
chr18	31000000	32000000	17211
chr18	32000000	33000000	17760
chr18	33000000	34000000	16405
chr18	34000000	35000000	19146
chr18	35000000	36000000	19520
chr18	36000000	37000000	18569
chr18	37000000	38000000	16443
chr18	38000000	39000000	19534
chr18	39000000	40000000	19392
chr18	40000000	41000000	17174
chr18	41000000	42000000	15773
chr18	42000000	43000000	18361
chr18	43000000	44000000	16753
chr18	44000000	45000000	17249
chr18	45000000	46000000	16131
chr18	46000000	47000000	17603
chr18	47000000	48000000	16655
chr18	48000000	49000000	16328
chr18	49000000	50000000	17011
chr18	50000000	51000000	15864
chr18	51000000	52000000	15962
chr18	52000000	53000000	16620
chr18	53000000	54000000	17680
chr18	54000000	55000000	16840
chr18	55000000	56000000	16759
chr18	56000000	57000000	17749
chr18	57000000	58000000	17734
chr18	58000000	59000000	16826
chr18	59000000	60000000	13780
chr18	60000000	61000000	16006
chr18	61000000	62000000	20315
chr18	62000000	63000000	18091
chr18	63000000	64000000	17829
chr18	64000000	65000000	18983
chr18	65000000	66000000	19339
chr18	66000000	67000000	17260
chr18	67000000	68000000	19120
chr18	68000000	69000000	17863
chr18	69000000	70000000	17996
chr18	70000000	71000000	16162
chr18	71000000	72000000	16382
chr18	72000000	73000000	15724
chr18	73000000	74000000	18306
chr18	74000000	75000000	18878
chr18	75000000	76000000	20552
chr18	76000000	77000000	18348
chr18	77000000	78000000	18010
chr18	78000000	79000000	18665
chr18	79000000	80000000	16287
chr18	80000000	81000000	20027
chr18	81000000	82000000	20160
chr18	82000000	83000000	18248
chr18	83000000	84000000	18701
chr18	84000000	85000000	19006
chr18	85000000	86000000	15400
chr18	86000000	87000000	16072
chr18	87000000	88000000	14062
chr18	88000000	89000000	16110
chr18	89000000	90000000	14750
chr18	90000000	91000000	8032
chr19	0	1000000	0
chr19	1000000	2000000	0
chr19	2000000	3000000	0
chr19	3000000	4000000	18040
chr19	4000000	5000000	20522
chr19	5000000	6000000	20562
chr19	6000000	7000000	18524
chr19	7000000	8000000	17834
chr19	8000000	9000000	15912
chr19	9000000	10000000	12648
chr19	10000000	11000000	21380
chr19	11000000	12000000	17100
chr19	12000000	13000000	16570
chr19	13000000	14000000	15073
chr19	14000000	15000000	17950
chr19	15000000	16000000	18299
chr19	16000000	17000000	18866
chr19	17000000	18000000	18933
chr19	18000000	19000000	17506
chr19	19000000	20000000	16517
chr19	20000000	21000000	16398
chr19	21000000	22000000	17595
chr19	22000000	23000000	18643
chr19	23000000	24000000	19312
chr19	24000000	25000000	19190
chr19	25000000	26000000	18619
chr19	26000000	27000000	18493
chr19	27000000	28000000	19188
chr19	28000000	29000000	19335
chr19	29000000	30000000	18969
chr19	30000000	31000000	17534
chr19	31000000	32000000	17666
chr19	32000000	33000000	18023
chr19	33000000	34000000	14641
chr19	34000000	35000000	17741
chr19	35000000	36000000	16625
chr19	36000000	37000000	18524
chr19	37000000	38000000	19679
chr19	38000000	39000000	19081
chr19	39000000	40000000	12616
chr19	40000000	41000000	18572
chr19	41000000	42000000	20145
chr19	42000000	43000000	20861
chr19	43000000	44000000	18178
chr19	44000000	45000000	19578
chr19	45000000	46000000	19819
chr19	46000000	47000000	19818
chr19	47000000	48000000	19908
chr19	48000000	49000000	18568
chr19	49000000	50000000	16613
chr19	50000000	51000000	17563
chr19	51000000	52000000	16191
chr19	52000000	53000000	17241
chr19	53000000	54000000	19464
chr19	54000000	55000000	18605
chr19	55000000	56000000	20533
chr19	56000000	57000000	19518
chr19	57000000	58000000	18353
chr19	58000000	59000000	19652
chr19	59000000	60000000	17996
chr19	60000000	61000000	17027
chr19	61000000	62000000	4909
chrX	0	1000000	0
chrX	1000000	2000000	0
chrX	2000000	3000000	0
chrX	3000000	4000000	2198
chrX	4000000	5000000	2178
chrX	5000000	6000000	10158
chrX	6000000	7000000	16604
chrX	7000000	8000000	19181
chrX	8000000	9000000	14665
chrX	9000000	10000000	14697
chrX	10000000	11000000	17289
chrX	11000000	12000000	19078
chrX	12000000	13000000	19306
chrX	13000000	14000000	16842
chrX	14000000	15000000	16114
chrX	15000000	16000000	14973
chrX	16000000	17000000	15733
chrX	17000000	18000000	15684
chrX	18000000	19000000	14804
chrX	19000000	20000000	15500
chrX	20000000	21000000	17444
chrX	21000000	22000000	15523
chrX	22000000	23000000	15274
chrX	23000000	24000000	15857
chrX	24000000	25000000	6702
chrX	25000000	26000000	3704
chrX	26000000	27000000	4358
chrX	27000000	28000000	94
chrX	28000000	29000000	192
chrX	29000000	30000000	858
chrX	30000000	31000000	182
chrX	31000000	32000000	5384
chrX	32000000	33000000	2158
chrX	33000000	34000000	3172
chrX	34000000	35000000	1058
chrX	35000000	36000000	7258
chrX	36000000	37000000	18028
chrX	37000000	38000000	9701
chrX	38000000	39000000	16878
chrX	39000000	40000000	14868
chrX	40000000	41000000	15153
chrX	41000000	42000000	15863
chrX	42000000	43000000	16863
chrX	43000000	44000000	14970
chrX	44000000	45000000	14110
chrX	45000000	46000000	14254
chrX	46000000	47000000	15236
chrX	47000000	48000000	16668
chrX	48000000	49000000	17980
chrX	49000000	50000000	15530
chrX	50000000	51000000	15422
chrX	51000000	52000000	17369
chrX	52000000	53000000	18323
chrX	53000000	54000000	14768
chrX	54000000	55000000	3218
chrX	55000000	56000000	6500
chrX	56000000	57000000	15880
chrX	57000000	58000000	17328
chrX	58000000	59000000	15900
chrX	59000000	60000000	16291
chrX	60000000	61000000	17015
chrX	61000000	62000000	15796
chrX	62000000	63000000	13833
chrX	63000000	64000000	14948
chrX	64000000	65000000	15091
chrX	65000000	66000000	14565
chrX	66000000	67000000	14845
chrX	67000000	68000000	14672
chrX	68000000	69000000	14818
chrX	69000000	70000000	15952
chrX	70000000	71000000	15087
chrX	71000000	72000000	18386
chrX	72000000	73000000	16407
chrX	73000000	74000000	16810
chrX	74000000	75000000	13989
chrX	75000000	76000000	14914
chrX	76000000	77000000	14478
chrX	77000000	78000000	16095
chrX	78000000	79000000	13871
chrX	79000000	80000000	13985
chrX	80000000	81000000	13934
chrX	81000000	82000000	14352
chrX	82000000	83000000	14665
chrX	83000000	84000000	15959
chrX	84000000	85000000	15368
chrX	85000000	86000000	16691
chrX	86000000	87000000	15585
chrX	87000000	88000000	15327
chrX	88000000	89000000	15179
chrX	89000000	90000000	14734
chrX	90000000	91000000	14500
chrX	91000000	92000000	10816
chrX	92000000	93000000	14802
chrX	93000000	94000000	17561
chrX	94000000	95000000	13916
chrX	95000000	96000000	16036
chrX	96000000	97000000	15473
chrX	97000000	98000000	14551
chrX	98000000	99000000	16106
chrX	99000000	100000000	19546
chrX	100000000	101000000	17064
chrX	101000000	102000000	18315
chrX	102000000	103000000	16148
chrX	103000000	104000000	16504
chrX	104000000	105000000	16080
chrX	105000000	106000000	16368
chrX	106000000	107000000	15770
chrX	107000000	108000000	14794
chrX	108000000	109000000	15050
chrX	109000000	110000000	14748
chrX	110000000	111000000	14148
chrX	111000000	112000000	12674
chrX	112000000	113000000	15069
chrX	113000000	114000000	14842
chrX	114000000	115000000	14193
chrX	115000000	116000000	14098
chrX	116000000	117000000	15393
chrX	117000000	118000000	14872
chrX	118000000	119000000	14362
chrX	119000000	120000000	14620
chrX	120000000	121000000	14088
chrX	121000000	122000000	14719
chrX	122000000	123000000	14402
chrX	123000000	124000000	2458
chrX	124000000	125000000	1830
chrX	125000000	126000000	34
chrX	126000000	127000000	10844
chrX	127000000	128000000	14329
chrX	128000000	129000000	14781
chrX	129000000	130000000	15464
chrX	130000000	131000000	15899
chrX	131000000	132000000	15803
chrX	132000000	133000000	15321
chrX	133000000	134000000	15766
chrX	134000000	135000000	17959
chrX	135000000	136000000	11535
chrX	136000000	137000000	14915
chrX	137000000	138000000	16375
chrX	138000000	139000000	16442
chrX	139000000	140000000	17294
chrX	140000000	141000000	18127
chrX	141000000	142000000	14127
chrX	142000000	143000000	17551
chrX	143000000	144000000	17272
chrX	144000000	145000000	15894
chrX	145000000	146000000	15436
chrX	146000000	147000000	14760
chrX	147000000	148000000	12284
chrX	148000000	149000000	1626
chrX	149000000	150000000	1858
chrX	150000000	151000000	14431
chrX	151000000	152000000	17137
chrX	152000000	153000000	16400
chrX	153000000	154000000	16908
chrX	154000000	155000000	13500
chrX	155000000	156000000	14893
chrX	156000000	157000000	14889
chrX	157000000	158000000	16524
chrX	158000000	159000000	15004
chrX	159000000	160000000	17418
chrX	160000000	161000000	17823
chrX	161000000	162000000	16537
chrX	162000000	163000000	17966
chrX	163000000	164000000	17501
chrX	164000000	165000000	16829
chrX	165000000	166000000	14656
chrX	166000000	167000000	17836
chrX	167000000	168000000	17618
chrX	168000000	169000000	17138
chrX	169000000	170000000	16188
chrX	170000000	171000000	290
chrX	171000000	172000000	0
chrY	0	1000000	0
chrY	1000000	2000000	0
chrY	2000000	3000000	0
chrY	3000000	4000000	0
chrY	4000000	5000000	0
chrY	5000000	6000000	0
chrY	6000000	7000000	0
chrY	7000000	8000000	0
chrY	8000000	9000000	0
chrY	9000000	10000000	0
chrY	10000000	11000000	0
chrY	11000000	12000000	0
chrY	12000000	13000000	0
chrY	13000000	14000000	0
chrY	14000000	15000000	0
chrY	15000000	16000000	0
chrY	16000000	17000000	0
chrY	17000000	18000000	0
chrY	18000000	19000000	0
chrY	19000000	20000000	0
chrY	20000000	21000000	0
chrY	21000000	22000000	0
chrY	22000000	23000000	0
chrY	23000000	24000000	0
chrY	24000000	25000000	0
chrY	25000000	26000000	0
chrY	26000000	27000000	0
chrY	27000000	28000000	0
chrY	28000000	29000000	0
chrY	29000000	30000000	0
chrY	30000000	31000000	0
chrY	31000000	32000000	0
chrY	32000000	33000000	0
chrY	33000000	34000000	0
chrY	34000000	35000000	0
chrY	35000000	36000000	0
chrY	36000000	37000000	0
chrY	37000000	38000000	0
chrY	38000000	39000000	0
chrY	39000000	40000000	0
chrY	40000000	41000000	0
chrY	41000000	42000000	0
chrY	42000000	43000000	0
chrY	43000000	44000000	0
chrY	44000000	45000000	0
chrY	45000000	46000000	0
chrY	46000000	47000000	0
chrY	47000000	48000000	0
chrY	48000000	49000000	0
chrY	49000000	50000000	0
chrY	50000000	51000000	0
chrY	51000000	52000000	0
chrY	52000000	53000000	0
chrY	53000000	54000000	0
chrY	54000000	55000000	0
chrY	55000000	56000000	0
chrY	56000000	57000000	0
chrY	57000000	58000000	0
chrY	58000000	59000000	0
chrY	59000000	60000000	0
chrY	60000000	61000000	0
chrY	61000000	62000000	0
chrY	62000000	63000000	0
chrY	63000000	64000000	0
chrY	64000000	65000000	0
chrY	65000000	66000000	0
chrY	66000000	67000000	0
chrY	67000000	68000000	0
chrY	68000000	69000000	0
chrY	69000000	70000000	0
chrY	70000000	71000000	0
chrY	71000000	72000000	0
chrY	72000000	73000000	0
chrY	73000000	74000000	0
chrY	74000000	75000000	0
chrY	75000000	76000000	0
chrY	76000000	77000000	0
chrY	77000000	78000000	0
chrY	78000000	79000000	0
chrY	79000000	80000000	0
chrY	80000000	81000000	0
chrY	81000000	82000000	0
chrY	82000000	83000000	0
chrY	83000000	84000000	0
chrY	84000000	85000000	0
chrY	85000000	86000000	0
chrY	86000000	87000000	0
chrY	87000000	88000000	0
chrY	88000000	89000000	0
chrY	89000000	90000000	0
chrY	90000000	91000000	0
chrY	91000000	92000000	0
