chr1	0	1000000	0
chr1	1000000	2000000	0
chr1	2000000	3000000	0
chr1	3000000	4000000	3137
chr1	4000000	5000000	3058
chr1	5000000	6000000	2959
chr1	6000000	7000000	3177
chr1	7000000	8000000	3038
chr1	8000000	9000000	3054
chr1	9000000	10000000	3299
chr1	10000000	11000000	3495
chr1	11000000	12000000	3400
chr1	12000000	13000000	3377
chr1	13000000	14000000	3296
chr1	14000000	15000000	3616
chr1	15000000	16000000	3667
chr1	16000000	17000000	3326
chr1	17000000	18000000	3459
chr1	18000000	19000000	3523
chr1	19000000	20000000	3475
chr1	20000000	21000000	3673
chr1	21000000	22000000	3652
chr1	22000000	23000000	3437
chr1	23000000	24000000	3314
chr1	24000000	25000000	3412
chr1	25000000	26000000	3394
chr1	26000000	27000000	3429
chr1	27000000	28000000	3295
chr1	28000000	29000000	3413
chr1	29000000	30000000	3336
chr1	30000000	31000000	3059
chr1	31000000	32000000	3188
chr1	32000000	33000000	3469
chr1	33000000	34000000	3242
chr1	34000000	35000000	3117
chr1	35000000	36000000	2847
chr1	36000000	37000000	3195
chr1	37000000	38000000	2745
chr1	38000000	39000000	2946
chr1	39000000	40000000	3315
chr1	40000000	41000000	3353
chr1	41000000	42000000	3508
chr1	42000000	43000000	3631
chr1	43000000	44000000	3552
chr1	44000000	45000000	2923
chr1	45000000	46000000	3122
chr1	46000000	47000000	2738
chr1	47000000	48000000	3182
chr1	48000000	49000000	3084
chr1	49000000	50000000	3316
chr1	50000000	51000000	3329
chr1	51000000	52000000	3744
chr1	52000000	53000000	3494
chr1	53000000	54000000	3177
chr1	54000000	55000000	3679
chr1	55000000	56000000	3421
chr1	56000000	57000000	3513
chr1	57000000	58000000	3568
chr1	58000000	59000000	3201
chr1	59000000	60000000	3260
chr1	60000000	61000000	3195
chr1	61000000	62000000	3468
chr1	62000000	63000000	3641
chr1	63000000	64000000	3226
chr1	64000000	65000000	3328
chr1	65000000	66000000	3241
chr1	66000000	67000000	3285
chr1	67000000	68000000	3548
chr1	68000000	69000000	3606
chr1	69000000	70000000	3587
chr1	70000000	71000000	3633
chr1	71000000	72000000	3511
chr1	72000000	73000000	3264
chr1	73000000	74000000	3002
chr1	74000000	75000000	2960
chr1	75000000	76000000	3074
chr1	76000000	77000000	3108
chr1	77000000	78000000	3141
chr1	78000000	79000000	3137
chr1	79000000	80000000	3063
chr1	80000000	81000000	3395
chr1	81000000	82000000	3559
chr1	82000000	83000000	3541
chr1	83000000	84000000	3132
chr1	84000000	85000000	3158
chr1	85000000	86000000	1508
chr1	86000000	87000000	2889
chr1	87000000	88000000	2758
chr1	88000000	89000000	3903
chr1	89000000	90000000	3165
chr1	90000000	91000000	2572
chr1	91000000	92000000	2915
chr1	92000000	93000000	3046
chr1	93000000	94000000	2861
chr1	94000000	95000000	2958
chr1	95000000	96000000	3264
chr1	96000000	97000000	3304
chr1	97000000	98000000	3277
chr1	98000000	99000000	3408
chr1	99000000	100000000	3661
chr1	100000000	101000000	3710
chr1	101000000	102000000	3331
chr1	102000000	103000000	3446
chr1	103000000	104000000	3454
chr1	104000000	105000000	3380
chr1	105000000	106000000	3557
chr1	106000000	107000000	3892
chr1	107000000	108000000	3499
chr1	108000000	109000000	3403
chr1	109000000	110000000	3321
chr1	110000000	111000000	3462
chr1	111000000	112000000	3262
chr1	112000000	113000000	3447
chr1	113000000	114000000	3656
chr1	114000000	115000000	3286
chr1	115000000	116000000	3671
chr1	116000000	117000000	3802
chr1	117000000	118000000	2917
chr1	118000000	119000000	3095
chr1	119000000	120000000	3301
chr1	120000000	121000000	3538
chr1	121000000	122000000	3599
chr1	122000000	123000000	3543
chr1	123000000	124000000	3886
chr1	124000000	125000000	3701
chr1	125000000	126000000	3534
chr1	126000000	127000000	3497
chr1	127000000	128000000	3457
chr1	128000000	129000000	3393
chr1	129000000	130000000	3737
chr1	130000000	131000000	2999
chr1	131000000	132000000	2970
chr1	132000000	133000000	3186
chr1	133000000	134000000	2763
chr1	134000000	135000000	2975
chr1	135000000	136000000	2997
chr1	136000000	137000000	3369
chr1	137000000	138000000	3283
chr1	138000000	139000000	3302
chr1	139000000	140000000	3014
chr1	140000000	141000000	3186
chr1	141000000	142000000	3416
chr1	142000000	143000000	3494
chr1	143000000	144000000	3174
chr1	144000000	145000000	3391
chr1	145000000	146000000	3304
chr1	146000000	147000000	3186
chr1	147000000	148000000	3358
chr1	148000000	149000000	3361
chr1	149000000	150000000	3557
chr1	150000000	151000000	3520
chr1	151000000	152000000	3567
chr1	152000000	153000000	3260
chr1	153000000	154000000	3036
chr1	154000000	155000000	3089
chr1	155000000	156000000	3063
chr1	156000000	157000000	3145
chr1	157000000	158000000	3490
chr1	158000000	159000000	3836
chr1	159000000	160000000	3723
chr1	160000000	161000000	3430
chr1	161000000	162000000	3453
chr1	162000000	163000000	3371
chr1	163000000	164000000	3423
chr1	164000000	165000000	3656
chr1	165000000	166000000	3414
chr1	166000000	167000000	3070
chr1	167000000	168000000	3727
chr1	168000000	169000000	3474
chr1	169000000	170000000	3417
chr1	170000000	171000000	3479
chr1	171000000	172000000	2877
chr1	172000000	173000000	3430
chr1	173000000	174000000	2693
chr1	174000000	175000000	3220
chr1	175000000	176000000	3103
chr1	176000000	177000000	3160
chr1	177000000	178000000	2811
chr1	178000000	179000000	2758
chr1	179000000	180000000	2937
chr1	180000000	181000000	3027
chr1	181000000	182000000	2583
chr1	182000000	183000000	2936
chr1	183000000	184000000	2864
chr1	184000000	185000000	3022
chr1	185000000	186000000	3294
chr1	186000000	187000000	3435
chr1	187000000	188000000	3566
chr1	188000000	189000000	3401
chr1	189000000	190000000	3275
chr1	190000000	191000000	3347
chr1	191000000	192000000	2943
chr1	192000000	193000000	2938
chr1	193000000	194000000	3480
chr1	194000000	195000000	3353
chr1	195000000	196000000	868
chr2	0	1000000	0
chr2	1000000	2000000	0
chr2	2000000	3000000	0
chr2	3000000	4000000	2725
chr2	4000000	5000000	3053
chr2	5000000	6000000	3039
chr2	6000000	7000000	3569
chr2	7000000	8000000	3319
chr2	8000000	9000000	3066
chr2	9000000	10000000	3469
chr2	10000000	11000000	3685
chr2	11000000	12000000	3399
chr2	12000000	13000000	3525
chr2	13000000	14000000	3616
chr2	14000000	15000000	3319
chr2	15000000	16000000	2967
chr2	16000000	17000000	3045
chr2	17000000	18000000	3051
chr2	18000000	19000000	2955
chr2	19000000	20000000	2913
chr2	20000000	21000000	3061
chr2	21000000	22000000	2838
chr2	22000000	23000000	2345
chr2	23000000	24000000	2365
chr2	24000000	25000000	2755
chr2	25000000	26000000	3140
chr2	26000000	27000000	2911
chr2	27000000	28000000	2948
chr2	28000000	29000000	2734
chr2	29000000	30000000	2763
chr2	30000000	31000000	3041
chr2	31000000	32000000	2898
chr2	32000000	33000000	3170
chr2	33000000	34000000	3025
chr2	34000000	35000000	2608
chr2	35000000	36000000	3163
chr2	36000000	37000000	2613
chr2	37000000	38000000	3002
chr2	38000000	39000000	3001
chr2	39000000	40000000	2944
chr2	40000000	41000000	3357
chr2	41000000	42000000	3633
chr2	42000000	43000000	3519
chr2	43000000	44000000	3458
chr2	44000000	45000000	3603
chr2	45000000	46000000	3370
chr2	46000000	47000000	3118
chr2	47000000	48000000	3080
chr2	48000000	49000000	3133
chr2	49000000	50000000	3487
chr2	50000000	51000000	3307
chr2	51000000	52000000	3119
chr2	52000000	53000000	3451
chr2	53000000	54000000	3102
chr2	54000000	55000000	3084
chr2	55000000	56000000	3098
chr2	56000000	57000000	3008
chr2	57000000	58000000	3386
chr2	58000000	59000000	3254
chr2	59000000	60000000	3516
chr2	60000000	61000000	3483
chr2	61000000	62000000	3166
chr2	62000000	63000000	3516
chr2	63000000	64000000	3345
chr2	64000000	65000000	3336
chr2	65000000	66000000	3489
chr2	66000000	67000000	3461
chr2	67000000	68000000	3370
chr2	68000000	69000000	3425
chr2	69000000	70000000	3177
chr2	70000000	71000000	2861
chr2	71000000	72000000	2812
chr2	72000000	73000000	2971
chr2	73000000	74000000	3047
chr2	74000000	75000000	2948
chr2	75000000	76000000	3035
chr2	76000000	77000000	3272
chr2	77000000	78000000	3646
chr2	78000000	79000000	3457
chr2	79000000	80000000	3625
chr2	80000000	81000000	3239
chr2	81000000	82000000	3151
chr2	82000000	83000000	3210
chr2	83000000	84000000	2731
chr2	84000000	85000000	3091
chr2	85000000	86000000	3291
chr2	86000000	87000000	3015
chr2	87000000	88000000	3137
chr2	88000000	89000000	2868
chr2	89000000	90000000	2889
chr2	90000000	91000000	2424
chr2	91000000	92000000	2971
chr2	92000000	93000000	2902
chr2	93000000	94000000	3372
chr2	94000000	95000000	3329
chr2	95000000	96000000	3235
chr2	96000000	97000000	3448
chr2	97000000	98000000	3045
chr2	98000000	99000000	4118
chr2	99000000	100000000	3035
chr2	100000000	101000000	2194
chr2	101000000	102000000	3369
chr2	102000000	103000000	3542
chr2	103000000	104000000	3400
chr2	104000000	105000000	3110
chr2	105000000	106000000	3589
chr2	106000000	107000000	3806
chr2	107000000	108000000	3702
chr2	108000000	109000000	3555
chr2	109000000	110000000	3854
chr2	110000000	111000000	3421
chr2	111000000	112000000	2925
chr2	112000000	113000000	3616
chr2	113000000	114000000	3644
chr2	114000000	115000000	3634
chr2	115000000	116000000	3750
chr2	116000000	117000000	3382
chr2	117000000	118000000	3590
chr2	118000000	119000000	3121
chr2	119000000	120000000	2618
chr2	120000000	121000000	2567
chr2	121000000	122000000	2706
chr2	122000000	123000000	2915
chr2	123000000	124000000	3340
chr2	124000000	125000000	3626
chr2	125000000	126000000	3430
chr2	126000000	127000000	2916
chr2	127000000	128000000	2856
chr2	128000000	129000000	2946
chr2	129000000	130000000	2748
chr2	130000000	131000000	2939
chr2	131000000	132000000	2927
chr2	132000000	133000000	3301
chr2	133000000	134000000	3298
chr2	134000000	135000000	3277
chr2	135000000	136000000	3631
chr2	136000000	137000000	3413
chr2	137000000	138000000	3552
chr2	138000000	139000000	3699
chr2	139000000	140000000	3557
chr2	140000000	141000000	3738
chr2	141000000	142000000	3835
chr2	142000000	143000000	3938
chr2	143000000	144000000	3660
chr2	144000000	145000000	3509
chr2	145000000	146000000	3457
chr2	146000000	147000000	3263
chr2	147000000	148000000	3221
chr2	148000000	149000000	3466
chr2	149000000	150000000	3269
chr2	150000000	151000000	2946
chr2	151000000	152000000	2329
chr2	152000000	153000000	2871
chr2	153000000	154000000	2995
chr2	154000000	155000000	2532
chr2	155000000	156000000	2607
chr2	156000000	157000000	2793
chr2	157000000	158000000	2680
chr2	158000000	159000000	2901
chr2	159000000	160000000	2579
chr2	160000000	161000000	3068
chr2	161000000	162000000	2898
chr2	162000000	163000000	3091
chr2	163000000	164000000	2767
chr2	164000000	165000000	2541
chr2	165000000	166000000	2801
chr2	166000000	167000000	2799
chr2	167000000	168000000	3016
chr2	168000000	169000000	2682
chr2	169000000	170000000	2972
chr2	170000000	171000000	2925
chr2	171000000	172000000	3162
chr2	172000000	173000000	3088
chr2	173000000	174000000	3294
chr2	174000000	175000000	2994
chr2	175000000	176000000	149
chr2	176000000	177000000	60
chr2	177000000	178000000	584
chr2	178000000	179000000	3121
chr2	179000000	180000000	3326
chr2	180000000	181000000	3101
chr2	181000000	182000000	2840
chr2	182000000	183000000	12
chr3	0	1000000	0
chr3	1000000	2000000	0
chr3	2000000	3000000	0
chr3	3000000	4000000	3451
chr3	4000000	5000000	3225
chr3	5000000	6000000	3325
chr3	6000000	7000000	3161
chr3	7000000	8000000	3129
chr3	8000000	9000000	3520
chr3	9000000	10000000	3516
chr3	10000000	11000000	3147
chr3	11000000	12000000	3138
chr3	12000000	13000000	3053
chr3	13000000	14000000	3291
chr3	14000000	15000000	3182
chr3	15000000	16000000	2325
chr3	16000000	17000000	3234
chr3	17000000	18000000	3380
chr3	18000000	19000000	3537
chr3	19000000	20000000	3583
chr3	20000000	21000000	3226
chr3	21000000	22000000	3307
chr3	22000000	23000000	3123
chr3	23000000	24000000	3428
chr3	24000000	25000000	3573
chr3	25000000	26000000	3353
chr3	26000000	27000000	3375
chr3	27000000	28000000	3673
chr3	28000000	29000000	3276
chr3	29000000	30000000	3642
chr3	30000000	31000000	3419
chr3	31000000	32000000	3035
chr3	32000000	33000000	3603
chr3	33000000	34000000	3448
chr3	34000000	35000000	3512
chr3	35000000	36000000	3265
chr3	36000000	37000000	3278
chr3	37000000	38000000	3605
chr3	38000000	39000000	3592
chr3	39000000	40000000	3438
chr3	40000000	41000000	3081
chr3	41000000	42000000	3455
chr3	42000000	43000000	3572
chr3	43000000	44000000	3220
chr3	44000000	45000000	3126
chr3	45000000	46000000	3191
chr3	46000000	47000000	3251
chr3	47000000	48000000	3332
chr3	48000000	49000000	3382
chr3	49000000	50000000	3041
chr3	50000000	51000000	3230
chr3	51000000	52000000	3382
chr3	52000000	53000000	3178
chr3	53000000	54000000	3240
chr3	54000000	55000000	3414
chr3	55000000	56000000	3406
chr3	56000000	57000000	3152
chr3	57000000	58000000	3297
chr3	58000000	59000000	3315
chr3	59000000	60000000	3457
chr3	60000000	61000000	3610
chr3	61000000	62000000	3371
chr3	62000000	63000000	3409
chr3	63000000	64000000	3598
chr3	64000000	65000000	2721
chr3	65000000	66000000	3809
chr3	66000000	67000000	3276
chr3	67000000	68000000	3326
chr3	68000000	69000000	3696
chr3	69000000	70000000	3307
chr3	70000000	71000000	3315
chr3	71000000	72000000	3231
chr3	72000000	73000000	3508
chr3	73000000	74000000	3331
chr3	74000000	75000000	3228
chr3	75000000	76000000	3374
chr3	76000000	77000000	3568
chr3	77000000	78000000	3376
chr3	78000000	79000000	3118
chr3	79000000	80000000	3484
chr3	80000000	81000000	3276
chr3	81000000	82000000	3683
chr3	82000000	83000000	3734
chr3	83000000	84000000	3515
chr3	84000000	85000000	3160
chr3	85000000	86000000	3337
chr3	86000000	87000000	2938
chr3	87000000	88000000	2851
chr3	88000000	89000000	2731
chr3	89000000	90000000	2851
chr3	90000000	91000000	2623
chr3	91000000	92000000	2503
chr3	92000000	93000000	3231
chr3	93000000	94000000	2205
chr3	94000000	95000000	2115
chr3	95000000	96000000	2847
chr3	96000000	97000000	2496
chr3	97000000	98000000	2899
chr3	98000000	99000000	2722
chr3	99000000	100000000	3204
chr3	100000000	101000000	3240
chr3	101000000	102000000	3276
chr3	102000000	103000000	2932
chr3	103000000	104000000	2949
chr3	104000000	105000000	2787
chr3	105000000	106000000	3347
chr3	106000000	107000000	3096
chr3	107000000	108000000	3350
chr3	108000000	109000000	3100
chr3	109000000	110000000	3492
chr3	110000000	111000000	3251
chr3	111000000	112000000	3191
chr3	112000000	113000000	3287
chr3	113000000	114000000	2199
chr3	114000000	115000000	3199
chr3	115000000	116000000	3522
chr3	116000000	117000000	3561
chr3	117000000	118000000	3574
chr3	118000000	119000000	3551
chr3	119000000	120000000	3546
chr3	120000000	121000000	3587
chr3	121000000	122000000	3492
chr3	122000000	123000000	3658
chr3	123000000	124000000	3507
chr3	124000000	125000000	3527
chr3	125000000	126000000	3507
chr3	126000000	127000000	3334
chr3	127000000	128000000	3484
chr3	128000000	129000000	3479
chr3	129000000	130000000	3454
chr3	130000000	131000000	3667
chr3	131000000	132000000	3424
chr3	132000000	133000000	3685
chr3	133000000	134000000	3502
chr3	134000000	135000000	3224
chr3	135000000	136000000	3561
chr3	136000000	137000000	3620
chr3	137000000	138000000	3483
chr3	138000000	139000000	3730
chr3	139000000	140000000	3546
chr3	140000000	141000000	3509
chr3	141000000	142000000	3709
chr3	142000000	143000000	3619
chr3	143000000	144000000	3902
chr3	144000000	145000000	3570
chr3	145000000	146000000	3888
chr3	146000000	147000000	3461
chr3	147000000	148000000	3723
chr3	148000000	149000000	3699
chr3	149000000	150000000	3757
chr3	150000000	151000000	3617
chr3	151000000	152000000	3676
chr3	152000000	153000000	3625
chr3	153000000	154000000	4145
chr3	154000000	155000000	3911
chr3	155000000	156000000	3703
chr3	156000000	157000000	3668
chr3	157000000	158000000	3779
chr3	158000000	159000000	3532
chr3	159000000	160000000	3077
chr3	160000000	161000000	0
chr4	0	1000000	0
chr4	1000000	2000000	0
chr4	2000000	3000000	0
chr4	3000000	4000000	2566
chr4	4000000	5000000	3115
chr4	5000000	6000000	3202
chr4	6000000	7000000	3413
chr4	7000000	8000000	2960
chr4	8000000	9000000	3261
chr4	9000000	10000000	3312
chr4	10000000	11000000	3149
chr4	11000000	12000000	3651
chr4	12000000	13000000	3276
chr4	13000000	14000000	3426
chr4	14000000	15000000	3515
chr4	15000000	16000000	3629
chr4	16000000	17000000	3277
chr4	17000000	18000000	3294
chr4	18000000	19000000	3246
chr4	19000000	20000000	3241
chr4	20000000	21000000	3585
chr4	21000000	22000000	2941
chr4	22000000	23000000	3229
chr4	23000000	24000000	3260
chr4	24000000	25000000	3565
chr4	25000000	26000000	3381
chr4	26000000	27000000	3441
chr4	27000000	28000000	3488
chr4	28000000	29000000	3483
chr4	29000000	30000000	3416
chr4	30000000	31000000	3338
chr4	31000000	32000000	3477
chr4	32000000	33000000	3553
chr4	33000000	34000000	3544
chr4	34000000	35000000	3127
chr4	35000000	36000000	3281
chr4	36000000	37000000	3486
chr4	37000000	38000000	3205
chr4	38000000	39000000	3095
chr4	39000000	40000000	3251
chr4	40000000	41000000	2938
chr4	41000000	42000000	2342
chr4	42000000	43000000	425
chr4	43000000	44000000	2565
chr4	44000000	45000000	2622
chr4	45000000	46000000	2729
chr4	46000000	47000000	3375
chr4	47000000	48000000	3276
chr4	48000000	49000000	3213
chr4	49000000	50000000	3139
chr4	50000000	51000000	3065
chr4	51000000	52000000	3151
chr4	52000000	53000000	3192
chr4	53000000	54000000	3375
chr4	54000000	55000000	3019
chr4	55000000	56000000	3273
chr4	56000000	57000000	3175
chr4	57000000	58000000	3592
chr4	58000000	59000000	3016
chr4	59000000	60000000	3334
chr4	60000000	61000000	451
chr4	61000000	62000000	888
chr4	62000000	63000000	3064
chr4	63000000	64000000	3894
chr4	64000000	65000000	3341
chr4	65000000	66000000	3659
chr4	66000000	67000000	3404
chr4	67000000	68000000	3464
chr4	68000000	69000000	3533
chr4	69000000	70000000	3518
chr4	70000000	71000000	3570
chr4	71000000	72000000	3023
chr4	72000000	73000000	3093
chr4	73000000	74000000	2650
chr4	74000000	75000000	3170
chr4	75000000	76000000	3307
chr4	76000000	77000000	3811
chr4	77000000	78000000	3579
chr4	78000000	79000000	3410
chr4	79000000	80000000	3278
chr4	80000000	81000000	3421
chr4	81000000	82000000	3201
chr4	82000000	83000000	3326
chr4	83000000	84000000	3420
chr4	84000000	85000000	3839
chr4	85000000	86000000	3606
chr4	86000000	87000000	3510
chr4	87000000	88000000	3397
chr4	88000000	89000000	3025
chr4	89000000	90000000	3037
chr4	90000000	91000000	3080
chr4	91000000	92000000	3158
chr4	92000000	93000000	3135
chr4	93000000	94000000	3178
chr4	94000000	95000000	3337
chr4	95000000	96000000	3741
chr4	96000000	97000000	3119
chr4	97000000	98000000	3261
chr4	98000000	99000000	3449
chr4	99000000	100000000	2937
chr4	100000000	101000000	3093
chr4	101000000	102000000	2915
chr4	102000000	103000000	3006
chr4	103000000	104000000	2835
chr4	104000000	105000000	2955
chr4	105000000	106000000	2680
chr4	106000000	107000000	2982
chr4	107000000	108000000	2936
chr4	108000000	109000000	2450
chr4	109000000	110000000	2733
chr4	110000000	111000000	2699
chr4	111000000	112000000	2867
chr4	112000000	113000000	2443
chr4	113000000	114000000	2194
chr4	114000000	115000000	2826
chr4	115000000	116000000	2152
chr4	116000000	117000000	2524
chr4	117000000	118000000	2695
chr4	118000000	119000000	2614
chr4	119000000	120000000	2874
chr4	120000000	121000000	2951
chr4	121000000	122000000	1721
chr4	122000000	123000000	1387
chr4	123000000	124000000	2536
chr4	124000000	125000000	2493
chr4	125000000	126000000	2524
chr4	126000000	127000000	2537
chr4	127000000	128000000	2334
chr4	128000000	129000000	2735
chr4	129000000	130000000	2587
chr4	130000000	131000000	2242
chr4	131000000	132000000	2583
chr4	132000000	133000000	2359
chr4	133000000	134000000	2734
chr4	134000000	135000000	2680
chr4	135000000	136000000	2425
chr4	136000000	137000000	2503
chr4	137000000	138000000	2724
chr4	138000000	139000000	2579
chr4	139000000	140000000	2633
chr4	140000000	141000000	2853
chr4	141000000	142000000	2745
chr4	142000000	143000000	3112
chr4	143000000	144000000	2068
chr4	144000000	145000000	2001
chr4	145000000	146000000	1727
chr4	146000000	147000000	812
chr4	147000000	148000000	1978
chr4	148000000	149000000	2866
chr4	149000000	150000000	3035
chr4	150000000	151000000	2812
chr4	151000000	152000000	3029
chr4	152000000	153000000	2759
chr4	153000000	154000000	2546
chr4	154000000	155000000	2815
chr4	155000000	156000000	3258
chr4	156000000	157000000	753
chr5	0	1000000	0
chr5	1000000	2000000	0
chr5	2000000	3000000	0
chr5	3000000	4000000	2496
chr5	4000000	5000000	3427
chr5	5000000	6000000	3481
chr5	6000000	7000000	3254
chr5	7000000	8000000	3232
chr5	8000000	9000000	3283
chr5	9000000	10000000	3473
chr5	10000000	11000000	2759
chr5	11000000	12000000	554
chr5	12000000	13000000	3521
chr5	13000000	14000000	3563
chr5	14000000	15000000	3260
chr5	15000000	16000000	1433
chr5	16000000	17000000	3326
chr5	17000000	18000000	3247
chr5	18000000	19000000	3251
chr5	19000000	20000000	3393
chr5	20000000	21000000	3640
chr5	21000000	22000000	3291
chr5	22000000	23000000	3029
chr5	23000000	24000000	2925
chr5	24000000	25000000	3092
chr5	25000000	26000000	2651
chr5	26000000	27000000	2772
chr5	27000000	28000000	3075
chr5	28000000	29000000	3173
chr5	29000000	30000000	2622
chr5	30000000	31000000	2745
chr5	31000000	32000000	2542
chr5	32000000	33000000	2562
chr5	33000000	34000000	2807
chr5	34000000	35000000	2749
chr5	35000000	36000000	3370
chr5	36000000	37000000	3243
chr5	37000000	38000000	3140
chr5	38000000	39000000	3634
chr5	39000000	40000000	3416
chr5	40000000	41000000	3284
chr5	41000000	42000000	3296
chr5	42000000	43000000	3294
chr5	43000000	44000000	3295
chr5	44000000	45000000	3661
chr5	45000000	46000000	3399
chr5	46000000	47000000	3367
chr5	47000000	48000000	3263
chr5	48000000	49000000	3486
chr5	49000000	50000000	3395
chr5	50000000	51000000	3139
chr5	51000000	52000000	3423
chr5	52000000	53000000	3414
chr5	53000000	54000000	3400
chr5	54000000	55000000	3285
chr5	55000000	56000000	3204
chr5	56000000	57000000	3302
chr5	57000000	58000000	3234
chr5	58000000	59000000	2969
chr5	59000000	60000000	3152
chr5	60000000	61000000	3241
chr5	61000000	62000000	3183
chr5	62000000	63000000	3406
chr5	63000000	64000000	3361
chr5	64000000	65000000	3352
chr5	65000000	66000000	3210
chr5	66000000	67000000	3481
chr5	67000000	68000000	3259
chr5	68000000	69000000	3413
chr5	69000000	70000000	3355
chr5	70000000	71000000	3048
chr5	71000000	72000000	3399
chr5	72000000	73000000	3460
chr5	73000000	74000000	3309
chr5	74000000	75000000	3378
chr5	75000000	76000000	3164
chr5	76000000	77000000	3073
chr5	77000000	78000000	3193
chr5	78000000	79000000	3346
chr5	79000000	80000000	3237
chr5	80000000	81000000	3436
chr5	81000000	82000000	3480
chr5	82000000	83000000	3141
chr5	83000000	84000000	3157
chr5	84000000	85000000	3496
chr5	85000000	86000000	3279
chr5	86000000	87000000	3220
chr5	87000000	88000000	3205
chr5	88000000	89000000	3157
chr5	89000000	90000000	3015
chr5	90000000	91000000	3058
chr5	91000000	92000000	3166
chr5	92000000	93000000	3152
chr5	93000000	94000000	1459
chr5	94000000	95000000	98
chr5	95000000	96000000	631
chr5	96000000	97000000	2981
chr5	97000000	98000000	3001
chr5	98000000	99000000	2854
chr5	99000000	100000000	3016
chr5	100000000	101000000	2936
chr5	101000000	102000000	2771
chr5	102000000	103000000	2768
chr5	103000000	104000000	2883
chr5	104000000	105000000	2299
chr5	105000000	106000000	2502
chr5	106000000	107000000	2767
chr5	107000000	108000000	2716
chr5	108000000	109000000	2638
chr5	109000000	110000000	1739
chr5	110000000	111000000	2772
chr5	111000000	112000000	2727
chr5	112000000	113000000	3037
chr5	113000000	114000000	2995
chr5	114000000	115000000	2668
chr5	115000000	116000000	2581
chr5	116000000	117000000	2249
chr5	117000000	118000000	2757
chr5	118000000	119000000	2804
chr5	119000000	120000000	2102
chr5	120000000	121000000	2581
chr5	121000000	122000000	2839
chr5	122000000	123000000	2652
chr5	123000000	124000000	2406
chr5	124000000	125000000	2662
chr5	125000000	126000000	2953
chr5	126000000	127000000	2365
chr5	127000000	128000000	2557
chr5	128000000	129000000	2599
chr5	129000000	130000000	2443
chr5	130000000	131000000	2770
chr5	131000000	132000000	2575
chr5	132000000	133000000	2536
chr5	133000000	134000000	2260
chr5	134000000	135000000	2650
chr5	135000000	136000000	2482
chr5	136000000	137000000	2438
chr5	137000000	138000000	2081
chr5	138000000	139000000	2014
chr5	139000000	140000000	2835
chr5	140000000	141000000	2748
chr5	141000000	142000000	2296
chr5	142000000	143000000	2877
chr5	143000000	144000000	2337
chr5	144000000	145000000	2458
chr5	145000000	146000000	2014
chr5	146000000	147000000	2337
chr5	147000000	148000000	2536
chr5	148000000	149000000	2619
chr5	149000000	150000000	2358
chr5	150000000	151000000	2914
chr5	151000000	152000000	1708
chr6	0	1000000	0
chr6	1000000	2000000	0
chr6	2000000	3000000	0
chr6	3000000	4000000	2319
chr6	4000000	5000000	3256
chr6	5000000	6000000	3460
chr6	6000000	7000000	3595
chr6	7000000	8000000	3318
chr6	8000000	9000000	3633
chr6	9000000	10000000	3426
chr6	10000000	11000000	3022
chr6	11000000	12000000	2980
chr6	12000000	13000000	3466
chr6	13000000	14000000	3298
chr6	14000000	15000000	3338
chr6	15000000	16000000	3677
chr6	16000000	17000000	3314
chr6	17000000	18000000	3606
chr6	18000000	19000000	3194
chr6	19000000	20000000	3170
chr6	20000000	21000000	2986
chr6	21000000	22000000	3296
chr6	22000000	23000000	3093
chr6	23000000	24000000	3257
chr6	24000000	25000000	3381
chr6	25000000	26000000	3148
chr6	26000000	27000000	3092
chr6	27000000	28000000	3372
chr6	28000000	29000000	3461
chr6	29000000	30000000	3083
chr6	30000000	31000000	2560
chr6	31000000	32000000	3184
chr6	32000000	33000000	3336
chr6	33000000	34000000	3077
chr6	34000000	35000000	3123
chr6	35000000	36000000	3112
chr6	36000000	37000000	3230
chr6	37000000	38000000	3407
chr6	38000000	39000000	3338
chr6	39000000	40000000	3089
chr6	40000000	41000000	3229
chr6	41000000	42000000	3204
chr6	42000000	43000000	3250
chr6	43000000	44000000	3555
chr6	44000000	45000000	3239
chr6	45000000	46000000	3434
chr6	46000000	47000000	3439
chr6	47000000	48000000	2665
chr6	48000000	49000000	2975
chr6	49000000	50000000	2882
chr6	50000000	51000000	3014
chr6	51000000	52000000	2953
chr6	52000000	53000000	2752
chr6	53000000	54000000	2782
chr6	54000000	55000000	3427
chr6	55000000	56000000	3488
chr6	56000000	57000000	3316
chr6	57000000	58000000	2879
chr6	58000000	59000000	2974
chr6	59000000	60000000	3047
chr6	60000000	61000000	3074
chr6	61000000	62000000	3391
chr6	62000000	63000000	3130
chr6	63000000	64000000	3316
chr6	64000000	65000000	3341
chr6	65000000	66000000	3290
chr6	66000000	67000000	3109
chr6	67000000	68000000	3170
chr6	68000000	69000000	2967
chr6	69000000	70000000	2570
chr6	70000000	71000000	2458
chr6	71000000	72000000	3197
chr6	72000000	73000000	3285
chr6	73000000	74000000	3392
chr6	74000000	75000000	3288
chr6	75000000	76000000	3284
chr6	76000000	77000000	3369
chr6	77000000	78000000	3913
chr6	78000000	79000000	3319
chr6	79000000	80000000	3153
chr6	80000000	81000000	3544
chr6	81000000	82000000	3375
chr6	82000000	83000000	2997
chr6	83000000	84000000	2962
chr6	84000000	85000000	2563
chr6	85000000	86000000	2443
chr6	86000000	87000000	2960
chr6	87000000	88000000	2626
chr6	88000000	89000000	3201
chr6	89000000	90000000	2776
chr6	90000000	91000000	3176
chr6	91000000	92000000	3315
chr6	92000000	93000000	3040
chr6	93000000	94000000	3237
chr6	94000000	95000000	3637
chr6	95000000	96000000	3269
chr6	96000000	97000000	3251
chr6	97000000	98000000	3605
chr6	98000000	99000000	3285
chr6	99000000	100000000	3743
chr6	100000000	101000000	3553
chr6	101000000	102000000	3605
chr6	102000000	103000000	3600
chr6	103000000	104000000	3626
chr6	104000000	105000000	3599
chr6	105000000	106000000	3644
chr6	106000000	107000000	4066
chr6	107000000	108000000	3766
chr6	108000000	109000000	3935
chr6	109000000	110000000	3208
chr6	110000000	111000000	3224
chr6	111000000	112000000	3193
chr6	112000000	113000000	3307
chr6	113000000	114000000	3198
chr6	114000000	115000000	2675
chr6	115000000	116000000	3066
chr6	116000000	117000000	2766
chr6	117000000	118000000	2903
chr6	118000000	119000000	3006
chr6	119000000	120000000	2813
chr6	120000000	121000000	2773
chr6	121000000	122000000	3065
chr6	122000000	123000000	2561
chr6	123000000	124000000	1920
chr6	124000000	125000000	2599
chr6	125000000	126000000	3101
chr6	126000000	127000000	3074
chr6	127000000	128000000	3132
chr6	128000000	129000000	3179
chr6	129000000	130000000	3040
chr6	130000000	131000000	2163
chr6	131000000	132000000	2650
chr6	132000000	133000000	2335
chr6	133000000	134000000	2443
chr6	134000000	135000000	3552
chr6	135000000	136000000	3193
chr6	136000000	137000000	3135
chr6	137000000	138000000	3537
chr6	138000000	139000000	3491
chr6	139000000	140000000	3443
chr6	140000000	141000000	3874
chr6	141000000	142000000	3653
chr6	142000000	143000000	3360
chr6	143000000	144000000	3713
chr6	144000000	145000000	3945
chr6	145000000	146000000	3563
chr6	146000000	147000000	3616
chr6	147000000	148000000	3847
chr6	148000000	149000000	3592
chr6	149000000	150000000	1869
chr7	0	1000000	0
chr7	1000000	2000000	0
chr7	2000000	3000000	0
chr7	3000000	4000000	1678
chr7	4000000	5000000	2330
chr7	5000000	6000000	1506
chr7	6000000	7000000	2698
chr7	7000000	8000000	799
chr7	8000000	9000000	273
chr7	9000000	10000000	148
chr7	10000000	11000000	1941
chr7	11000000	12000000	1430
chr7	12000000	13000000	1935
chr7	13000000	14000000	1952
chr7	14000000	15000000	1816
chr7	15000000	16000000	1098
chr7	16000000	17000000	2959
chr7	17000000	18000000	1736
chr7	18000000	19000000	2090
chr7	19000000	20000000	3007
chr7	20000000	21000000	206
chr7	21000000	22000000	176
chr7	22000000	23000000	169
chr7	23000000	24000000	1210
chr7	24000000	25000000	2576
chr7	25000000	26000000	2553
chr7	26000000	27000000	1759
chr7	27000000	28000000	2458
chr7	28000000	29000000	2599
chr7	29000000	30000000	2438
chr7	30000000	31000000	2673
chr7	31000000	32000000	1518
chr7	32000000	33000000	318
chr7	33000000	34000000	1543
chr7	34000000	35000000	2823
chr7	35000000	36000000	2840
chr7	36000000	37000000	3044
chr7	37000000	38000000	2990
chr7	38000000	39000000	1298
chr7	39000000	40000000	1742
chr7	40000000	41000000	2966
chr7	41000000	42000000	1797
chr7	42000000	43000000	1768
chr7	43000000	44000000	2421
chr7	44000000	45000000	2862
chr7	45000000	46000000	2888
chr7	46000000	47000000	3087
chr7	47000000	48000000	2012
chr7	48000000	49000000	2406
chr7	49000000	50000000	3540
chr7	50000000	51000000	2900
chr7	51000000	52000000	2998
chr7	52000000	53000000	2843
chr7	53000000	54000000	2735
chr7	54000000	55000000	2888
chr7	55000000	56000000	2708
chr7	56000000	57000000	2845
chr7	57000000	58000000	3110
chr7	58000000	59000000	2656
chr7	59000000	60000000	1490
chr7	60000000	61000000	2130
chr7	61000000	62000000	2605
chr7	62000000	63000000	2267
chr7	63000000	64000000	3121
chr7	64000000	65000000	3022
chr7	65000000	66000000	2888
chr7	66000000	67000000	3042
chr7	67000000	68000000	3004
chr7	68000000	69000000	3151
chr7	69000000	70000000	2832
chr7	70000000	71000000	2759
chr7	71000000	72000000	2939
chr7	72000000	73000000	2931
chr7	73000000	74000000	3232
chr7	74000000	75000000	3118
chr7	75000000	76000000	3062
chr7	76000000	77000000	2731
chr7	77000000	78000000	2736
chr7	78000000	79000000	3326
chr7	79000000	80000000	2784
chr7	80000000	81000000	3019
chr7	81000000	82000000	2790
chr7	82000000	83000000	2925
chr7	83000000	84000000	3039
chr7	84000000	85000000	3129
chr7	85000000	86000000	2274
chr7	86000000	87000000	2554
chr7	87000000	88000000	2810
chr7	88000000	89000000	2741
chr7	89000000	90000000	3013
chr7	90000000	91000000	3001
chr7	91000000	92000000	3336
chr7	92000000	93000000	3261
chr7	93000000	94000000	2879
chr7	94000000	95000000	2931
chr7	95000000	96000000	3099
chr7	96000000	97000000	3351
chr7	97000000	98000000	2738
chr7	98000000	99000000	2794
chr7	99000000	100000000	2932
chr7	100000000	101000000	2801
chr7	101000000	102000000	2792
chr7	102000000	103000000	2718
chr7	103000000	104000000	2243
chr7	104000000	105000000	2305
chr7	105000000	106000000	2343
chr7	106000000	107000000	1733
chr7	107000000	108000000	2716
chr7	108000000	109000000	2407
chr7	109000000	110000000	3005
chr7	110000000	111000000	2619
chr7	111000000	112000000	2756
chr7	112000000	113000000	3066
chr7	113000000	114000000	2887
chr7	114000000	115000000	2889
chr7	115000000	116000000	2988
chr7	116000000	117000000	3060
chr7	117000000	118000000	3068
chr7	118000000	119000000	3175
chr7	119000000	120000000	2976
chr7	120000000	121000000	2664
chr7	121000000	122000000	2890
chr7	122000000	123000000	2713
chr7	123000000	124000000	2574
chr7	124000000	125000000	2617
chr7	125000000	126000000	2863
chr7	126000000	127000000	2726
chr7	127000000	128000000	2613
chr7	128000000	129000000	2283
chr7	129000000	130000000	2457
chr7	130000000	131000000	2777
chr7	131000000	132000000	2314
chr7	132000000	133000000	3104
chr7	133000000	134000000	2744
chr7	134000000	135000000	2567
chr7	135000000	136000000	2673
chr7	136000000	137000000	2557
chr7	137000000	138000000	2630
chr7	138000000	139000000	2905
chr7	139000000	140000000	3021
chr7	140000000	141000000	2179
chr7	141000000	142000000	2906
chr7	142000000	143000000	2460
chr7	143000000	144000000	2636
chr7	144000000	145000000	2932
chr7	145000000	146000000	1132
chr8	0	1000000	0
chr8	1000000	2000000	0
chr8	2000000	3000000	0
chr8	3000000	4000000	2513
chr8	4000000	5000000	2572
chr8	5000000	6000000	3091
chr8	6000000	7000000	2849
chr8	7000000	8000000	2805
chr8	8000000	9000000	3265
chr8	9000000	10000000	3253
chr8	10000000	11000000	3109
chr8	11000000	12000000	3164
chr8	12000000	13000000	3122
chr8	13000000	14000000	3079
chr8	14000000	15000000	3270
chr8	15000000	16000000	3371
chr8	16000000	17000000	3702
chr8	17000000	18000000	3491
chr8	18000000	19000000	3635
chr8	19000000	20000000	2317
chr8	20000000	21000000	666
chr8	21000000	22000000	1396
chr8	22000000	23000000	3138
chr8	23000000	24000000	3280
chr8	24000000	25000000	3141
chr8	25000000	26000000	2970
chr8	26000000	27000000	3041
chr8	27000000	28000000	3133
chr8	28000000	29000000	3607
chr8	29000000	30000000	3257
chr8	30000000	31000000	3448
chr8	31000000	32000000	3570
chr8	32000000	33000000	3648
chr8	33000000	34000000	3350
chr8	34000000	35000000	3164
chr8	35000000	36000000	3381
chr8	36000000	37000000	3434
chr8	37000000	38000000	3228
chr8	38000000	39000000	3321
chr8	39000000	40000000	3368
chr8	40000000	41000000	3072
chr8	41000000	42000000	3409
chr8	42000000	43000000	3224
chr8	43000000	44000000	3268
chr8	44000000	45000000	3752
chr8	45000000	46000000	3305
chr8	46000000	47000000	3310
chr8	47000000	48000000	3332
chr8	48000000	49000000	3698
chr8	49000000	50000000	3687
chr8	50000000	51000000	3554
chr8	51000000	52000000	3249
chr8	52000000	53000000	3354
chr8	53000000	54000000	3657
chr8	54000000	55000000	3245
chr8	55000000	56000000	2120
chr8	56000000	57000000	3066
chr8	57000000	58000000	3232
chr8	58000000	59000000	3314
chr8	59000000	60000000	3101
chr8	60000000	61000000	3156
chr8	61000000	62000000	3668
chr8	62000000	63000000	3407
chr8	63000000	64000000	3110
chr8	64000000	65000000	3473
chr8	65000000	66000000	3282
chr8	66000000	67000000	3485
chr8	67000000	68000000	3443
chr8	68000000	69000000	3309
chr8	69000000	70000000	2695
chr8	70000000	71000000	3730
chr8	71000000	72000000	2810
chr8	72000000	73000000	2922
chr8	73000000	74000000	3104
chr8	74000000	75000000	2995
chr8	75000000	76000000	3243
chr8	76000000	77000000	3221
chr8	77000000	78000000	3443
chr8	78000000	79000000	3513
chr8	79000000	80000000	3452
chr8	80000000	81000000	3310
chr8	81000000	82000000	3175
chr8	82000000	83000000	3042
chr8	83000000	84000000	2881
chr8	84000000	85000000	3390
chr8	85000000	86000000	2493
chr8	86000000	87000000	2904
chr8	87000000	88000000	3272
chr8	88000000	89000000	3211
chr8	89000000	90000000	3108
chr8	90000000	91000000	2882
chr8	91000000	92000000	3174
chr8	92000000	93000000	3103
chr8	93000000	94000000	3064
chr8	94000000	95000000	3069
chr8	95000000	96000000	2857
chr8	96000000	97000000	3324
chr8	97000000	98000000	3445
chr8	98000000	99000000	3230
chr8	99000000	100000000	3545
chr8	100000000	101000000	3250
chr8	101000000	102000000	3398
chr8	102000000	103000000	3255
chr8	103000000	104000000	3388
chr8	104000000	105000000	3040
chr8	105000000	106000000	3166
chr8	106000000	107000000	2702
chr8	107000000	108000000	2842
chr8	108000000	109000000	2988
chr8	109000000	110000000	2785
chr8	110000000	111000000	2880
chr8	111000000	112000000	2977
chr8	112000000	113000000	2964
chr8	113000000	114000000	3118
chr8	114000000	115000000	3282
chr8	115000000	116000000	3114
chr8	116000000	117000000	3132
chr8	117000000	118000000	3005
chr8	118000000	119000000	3142
chr8	119000000	120000000	3150
chr8	120000000	121000000	3340
chr8	121000000	122000000	2921
chr8	122000000	123000000	3311
chr8	123000000	124000000	2448
chr8	124000000	125000000	3034
chr8	125000000	126000000	2939
chr8	126000000	127000000	3182
chr8	127000000	128000000	3324
chr8	128000000	129000000	2908
chr8	129000000	130000000	559
chr9	0	1000000	0
chr9	1000000	2000000	0
chr9	2000000	3000000	0
chr9	3000000	4000000	2333
chr9	4000000	5000000	2637
chr9	5000000	6000000	2436
chr9	6000000	7000000	2714
chr9	7000000	8000000	2778
chr9	8000000	9000000	2820
chr9	9000000	10000000	3061
chr9	10000000	11000000	3038
chr9	11000000	12000000	2647
chr9	12000000	13000000	2707
chr9	13000000	14000000	2818
chr9	14000000	15000000	3239
chr9	15000000	16000000	3193
chr9	16000000	17000000	3129
chr9	17000000	18000000	2588
chr9	18000000	19000000	2495
chr9	19000000	20000000	2204
chr9	20000000	21000000	2648
chr9	21000000	22000000	3293
chr9	22000000	23000000	2856
chr9	23000000	24000000	2786
chr9	24000000	25000000	2595
chr9	25000000	26000000	2592
chr9	26000000	27000000	2733
chr9	27000000	28000000	2712
chr9	28000000	29000000	2885
chr9	29000000	30000000	3093
chr9	30000000	31000000	2479
chr9	31000000	32000000	2503
chr9	32000000	33000000	2658
chr9	33000000	34000000	2306
chr9	34000000	35000000	3085
chr9	35000000	36000000	2647
chr9	36000000	37000000	2235
chr9	37000000	38000000	2805
chr9	38000000	39000000	2405
chr9	39000000	40000000	2276
chr9	40000000	41000000	2601
chr9	41000000	42000000	2533
chr9	42000000	43000000	2723
chr9	43000000	44000000	2499
chr9	44000000	45000000	2514
chr9	45000000	46000000	2939
chr9	46000000	47000000	2769
chr9	47000000	48000000	2619
chr9	48000000	49000000	2385
chr9	49000000	50000000	2648
chr9	50000000	51000000	2618
chr9	51000000	52000000	2401
chr9	52000000	53000000	2275
chr9	53000000	54000000	2387
chr9	54000000	55000000	2425
chr9	55000000	56000000	2344
chr9	56000000	57000000	2733
chr9	57000000	58000000	2775
chr9	58000000	59000000	2546
chr9	59000000	60000000	2336
chr9	60000000	61000000	2506
chr9	61000000	62000000	2588
chr9	62000000	63000000	2526
chr9	63000000	64000000	2443
chr9	64000000	65000000	2594
chr9	65000000	66000000	2441
chr9	66000000	67000000	2408
chr9	67000000	68000000	2296
chr9	68000000	69000000	2478
chr9	69000000	70000000	2229
chr9	70000000	71000000	2560
chr9	71000000	72000000	2282
chr9	72000000	73000000	2337
chr9	73000000	74000000	2594
chr9	74000000	75000000	2345
chr9	75000000	76000000	2805
chr9	76000000	77000000	2511
chr9	77000000	78000000	2928
chr9	78000000	79000000	2671
chr9	79000000	80000000	2613
chr9	80000000	81000000	2733
chr9	81000000	82000000	2682
chr9	82000000	83000000	2711
chr9	83000000	84000000	3089
chr9	84000000	85000000	2913
chr9	85000000	86000000	2939
chr9	86000000	87000000	3260
chr9	87000000	88000000	2844
chr9	88000000	89000000	1929
chr9	89000000	90000000	2745
chr9	90000000	91000000	2883
chr9	91000000	92000000	2675
chr9	92000000	93000000	2988
chr9	93000000	94000000	2729
chr9	94000000	95000000	3240
chr9	95000000	96000000	3097
chr9	96000000	97000000	2992
chr9	97000000	98000000	2856
chr9	98000000	99000000	2723
chr9	99000000	100000000	2736
chr9	100000000	101000000	2538
chr9	101000000	102000000	2430
chr9	102000000	103000000	2811
chr9	103000000	104000000	2846
chr9	104000000	105000000	2531
chr9	105000000	106000000	2506
chr9	106000000	107000000	2658
chr9	107000000	108000000	2904
chr9	108000000	109000000	2837
chr9	109000000	110000000	1960
chr9	110000000	111000000	2773
chr9	111000000	112000000	2515
chr9	112000000	113000000	2722
chr9	113000000	114000000	2810
chr9	114000000	115000000	2399
chr9	115000000	116000000	2704
chr9	116000000	117000000	2750
chr9	117000000	118000000	2962
chr9	118000000	119000000	2812
chr9	119000000	120000000	2754
chr9	120000000	121000000	2724
chr9	121000000	122000000	2742
chr9	122000000	123000000	2544
chr9	123000000	124000000	2467
chr9	124000000	125000000	803
chr10	0	1000000	0
chr10	1000000	2000000	0
chr10	2000000	3000000	0
chr10	3000000	4000000	2303
chr10	4000000	5000000	2602
chr10	5000000	6000000	2913
chr10	6000000	7000000	2904
chr10	7000000	8000000	2923
chr10	8000000	9000000	3339
chr10	9000000	10000000	3536
chr10	10000000	11000000	3333
chr10	11000000	12000000	3103
chr10	12000000	13000000	3521
chr10	13000000	14000000	3509
chr10	14000000	15000000	3297
chr10	15000000	16000000	2849
chr10	16000000	17000000	3161
chr10	17000000	18000000	3571
chr10	18000000	19000000	3523
chr10	19000000	20000000	3292
chr10	20000000	21000000	3630
chr10	21000000	22000000	3540
chr10	22000000	23000000	2335
chr10	23000000	24000000	3358
chr10	24000000	25000000	3469
chr10	25000000	26000000	3430
chr10	26000000	27000000	3412
chr10	27000000	28000000	3367
chr10	28000000	29000000	3551
chr10	29000000	30000000	3242
chr10	30000000	31000000	3332
chr10	31000000	32000000	3141
chr10	32000000	33000000	3307
chr10	33000000	34000000	3100
chr10	34000000	35000000	3307
chr10	35000000	36000000	3296
chr10	36000000	37000000	3617
chr10	37000000	38000000	3298
chr10	38000000	39000000	3107
chr10	39000000	40000000	3421
chr10	40000000	41000000	3037
chr10	41000000	42000000	3052
chr10	42000000	43000000	2992
chr10	43000000	44000000	3263
chr10	44000000	45000000	3376
chr10	45000000	46000000	3338
chr10	46000000	47000000	3228
chr10	47000000	48000000	2912
chr10	48000000	49000000	3006
chr10	49000000	50000000	3136
chr10	50000000	51000000	3130
chr10	51000000	52000000	3207
chr10	52000000	53000000	3316
chr10	53000000	54000000	3438
chr10	54000000	55000000	3402
chr10	55000000	56000000	3263
chr10	56000000	57000000	3204
chr10	57000000	58000000	2584
chr10	58000000	59000000	2460
chr10	59000000	60000000	3090
chr10	60000000	61000000	2986
chr10	61000000	62000000	2906
chr10	62000000	63000000	3002
chr10	63000000	64000000	3001
chr10	64000000	65000000	3474
chr10	65000000	66000000	3018
chr10	66000000	67000000	3327
chr10	67000000	68000000	3363
chr10	68000000	69000000	3219
chr10	69000000	70000000	3285
chr10	70000000	71000000	3106
chr10	71000000	72000000	3179
chr10	72000000	73000000	3256
chr10	73000000	74000000	3555
chr10	74000000	75000000	3205
chr10	75000000	76000000	3288
chr10	76000000	77000000	2890
chr10	77000000	78000000	3265
chr10	78000000	79000000	2795
chr10	79000000	80000000	2694
chr10	80000000	81000000	3815
chr10	81000000	82000000	2399
chr10	82000000	83000000	2294
chr10	83000000	84000000	2867
chr10	84000000	85000000	2898
chr10	85000000	86000000	2751
chr10	86000000	87000000	3172
chr10	87000000	88000000	3213
chr10	88000000	89000000	3203
chr10	89000000	90000000	3214
chr10	90000000	91000000	3157
chr10	91000000	92000000	3056
chr10	92000000	93000000	3245
chr10	93000000	94000000	2919
chr10	94000000	95000000	3274
chr10	95000000	96000000	3444
chr10	96000000	97000000	3633
chr10	97000000	98000000	3427
chr10	98000000	99000000	3638
chr10	99000000	100000000	3675
chr10	100000000	101000000	3245
chr10	101000000	102000000	3520
chr10	102000000	103000000	3568
chr10	103000000	104000000	3380
chr10	104000000	105000000	3025
chr10	105000000	106000000	3605
chr10	106000000	107000000	3367
chr10	107000000	108000000	3546
chr10	108000000	109000000	3834
chr10	109000000	110000000	3455
chr10	110000000	111000000	3558
chr10	111000000	112000000	3599
chr10	112000000	113000000	3217
chr10	113000000	114000000	3632
chr10	114000000	115000000	3717
chr10	115000000	116000000	3344
chr10	116000000	117000000	3271
chr10	117000000	118000000	3348
chr10	118000000	119000000	2947
chr10	119000000	120000000	3517
chr10	120000000	121000000	3078
chr10	121000000	122000000	3349
chr10	122000000	123000000	3147
chr10	123000000	124000000	3470
chr10	124000000	125000000	3507
chr10	125000000	126000000	3526
chr10	126000000	127000000	3340
chr10	127000000	128000000	2902
chr10	128000000	129000000	2963
chr10	129000000	130000000	2722
chr10	130000000	131000000	1652
chr11	0	1000000	0
chr11	1000000	2000000	0
chr11	2000000	3000000	0
chr11	3000000	4000000	3705
chr11	4000000	5000000	2489
chr11	5000000	6000000	2724
chr11	6000000	7000000	2916
chr11	7000000	8000000	2738
chr11	8000000	9000000	2986
chr11	9000000	10000000	2849
chr11	10000000	11000000	2730
chr11	11000000	12000000	2973
chr11	12000000	13000000	2962
chr11	13000000	14000000	2890
chr11	14000000	15000000	3007
chr11	15000000	16000000	2767
chr11	16000000	17000000	3019
chr11	17000000	18000000	3021
chr11	18000000	19000000	2971
chr11	19000000	20000000	3387
chr11	20000000	21000000	3203
chr11	21000000	22000000	2864
chr11	22000000	23000000	3038
chr11	23000000	24000000	2954
chr11	24000000	25000000	3361
chr11	25000000	26000000	3112
chr11	26000000	27000000	2975
chr11	27000000	28000000	2530
chr11	28000000	29000000	2896
chr11	29000000	30000000	2731
chr11	30000000	31000000	2811
chr11	31000000	32000000	2954
chr11	32000000	33000000	3290
chr11	33000000	34000000	3102
chr11	34000000	35000000	2920
chr11	35000000	36000000	3409
chr11	36000000	37000000	3281
chr11	37000000	38000000	3069
chr11	38000000	39000000	2945
chr11	39000000	40000000	2886
chr11	40000000	41000000	2642
chr11	41000000	42000000	2793
chr11	42000000	43000000	2980
chr11	43000000	44000000	3102
chr11	44000000	45000000	3139
chr11	45000000	46000000	2617
chr11	46000000	47000000	2815
chr11	47000000	48000000	2837
chr11	48000000	49000000	2446
chr11	49000000	50000000	2462
chr11	50000000	51000000	2889
chr11	51000000	52000000	2531
chr11	52000000	53000000	2404
chr11	53000000	54000000	2536
chr11	54000000	55000000	2545
chr11	55000000	56000000	2664
chr11	56000000	57000000	2405
chr11	57000000	58000000	2752
chr11	58000000	59000000	2420
chr11	59000000	60000000	2856
chr11	60000000	61000000	2708
chr11	61000000	62000000	2720
chr11	62000000	63000000	2605
chr11	63000000	64000000	2717
chr11	64000000	65000000	2534
chr11	65000000	66000000	2687
chr11	66000000	67000000	2498
chr11	67000000	68000000	2582
chr11	68000000	69000000	2512
chr11	69000000	70000000	2584
chr11	70000000	71000000	2357
chr11	71000000	72000000	2231
chr11	72000000	73000000	2629
chr11	73000000	74000000	2010
chr11	74000000	75000000	2317
chr11	75000000	76000000	2886
chr11	76000000	77000000	2472
chr11	77000000	78000000	2430
chr11	78000000	79000000	2507
chr11	79000000	80000000	2573
chr11	80000000	81000000	2454
chr11	81000000	82000000	2505
chr11	82000000	83000000	2417
chr11	83000000	84000000	1991
chr11	84000000	85000000	2491
chr11	85000000	86000000	2358
chr11	86000000	87000000	2237
chr11	87000000	88000000	2321
chr11	88000000	89000000	2815
chr11	89000000	90000000	2405
chr11	90000000	91000000	2403
chr11	91000000	92000000	2342
chr11	92000000	93000000	2185
chr11	93000000	94000000	2827
chr11	94000000	95000000	2670
chr11	95000000	96000000	2496
chr11	96000000	97000000	1946
chr11	97000000	98000000	2750
chr11	98000000	99000000	2576
chr11	99000000	100000000	1893
chr11	100000000	101000000	2611
chr11	101000000	102000000	2398
chr11	102000000	103000000	2526
chr11	103000000	104000000	2495
chr11	104000000	105000000	2394
chr11	105000000	106000000	2260
chr11	106000000	107000000	2538
chr11	107000000	108000000	2734
chr11	108000000	109000000	2643
chr11	109000000	110000000	2824
chr11	110000000	111000000	2474
chr11	111000000	112000000	2279
chr11	112000000	113000000	2634
chr11	113000000	114000000	3099
chr11	114000000	115000000	2844
chr11	115000000	116000000	2830
chr11	116000000	117000000	2698
chr11	117000000	118000000	2758
chr11	118000000	119000000	3028
chr11	119000000	120000000	2921
chr11	120000000	121000000	2993
chr11	121000000	122000000	2320
chr11	122000000	123000000	0
chr12	0	1000000	0
chr12	1000000	2000000	0
chr12	2000000	3000000	0
chr12	3000000	4000000	2624
chr12	4000000	5000000	2899
chr12	5000000	6000000	3467
chr12	6000000	7000000	2974
chr12	7000000	8000000	3274
chr12	8000000	9000000	3267
chr12	9000000	10000000	3284
chr12	10000000	11000000	3183
chr12	11000000	12000000	3041
chr12	12000000	13000000	3174
chr12	13000000	14000000	3478
chr12	14000000	15000000	3207
chr12	15000000	16000000	2897
chr12	16000000	17000000	3202
chr12	17000000	18000000	2794
chr12	18000000	19000000	1141
chr12	19000000	20000000	997
chr12	20000000	21000000	994
chr12	21000000	22000000	1940
chr12	22000000	23000000	399
chr12	23000000	24000000	356
chr12	24000000	25000000	2078
chr12	25000000	26000000	3097
chr12	26000000	27000000	3213
chr12	27000000	28000000	3213
chr12	28000000	29000000	3421
chr12	29000000	30000000	3647
chr12	30000000	31000000	3383
chr12	31000000	32000000	3319
chr12	32000000	33000000	3376
chr12	33000000	34000000	3471
chr12	34000000	35000000	3803
chr12	35000000	36000000	3528
chr12	36000000	37000000	3701
chr12	37000000	38000000	3332
chr12	38000000	39000000	3483
chr12	39000000	40000000	3597
chr12	40000000	41000000	3690
chr12	41000000	42000000	3662
chr12	42000000	43000000	3301
chr12	43000000	44000000	3375
chr12	44000000	45000000	3350
chr12	45000000	46000000	3489
chr12	46000000	47000000	3581
chr12	47000000	48000000	3341
chr12	48000000	49000000	3248
chr12	49000000	50000000	3117
chr12	50000000	51000000	3509
chr12	51000000	52000000	3276
chr12	52000000	53000000	3276
chr12	53000000	54000000	3407
chr12	54000000	55000000	3080
chr12	55000000	56000000	2545
chr12	56000000	57000000	3158
chr12	57000000	58000000	3231
chr12	58000000	59000000	3205
chr12	59000000	60000000	3197
chr12	60000000	61000000	3170
chr12	61000000	62000000	3294
chr12	62000000	63000000	3076
chr12	63000000	64000000	3023
chr12	64000000	65000000	3201
chr12	65000000	66000000	3171
chr12	66000000	67000000	3226
chr12	67000000	68000000	3048
chr12	68000000	69000000	3027
chr12	69000000	70000000	2862
chr12	70000000	71000000	2866
chr12	71000000	72000000	2873
chr12	72000000	73000000	2564
chr12	73000000	74000000	2928
chr12	74000000	75000000	2838
chr12	75000000	76000000	3013
chr12	76000000	77000000	3058
chr12	77000000	78000000	2820
chr12	78000000	79000000	2416
chr12	79000000	80000000	2715
chr12	80000000	81000000	2899
chr12	81000000	82000000	2624
chr12	82000000	83000000	2397
chr12	83000000	84000000	2850
chr12	84000000	85000000	2523
chr12	85000000	86000000	2683
chr12	86000000	87000000	2985
chr12	87000000	88000000	1780
chr12	88000000	89000000	2563
chr12	89000000	90000000	3227
chr12	90000000	91000000	2989
chr12	91000000	92000000	3021
chr12	92000000	93000000	3180
chr12	93000000	94000000	2939
chr12	94000000	95000000	2910
chr12	95000000	96000000	3161
chr12	96000000	97000000	2906
chr12	97000000	98000000	3115
chr12	98000000	99000000	3054
chr12	99000000	100000000	3127
chr12	100000000	101000000	3221
chr12	101000000	102000000	2285
chr12	102000000	103000000	3181
chr12	103000000	104000000	2603
chr12	104000000	105000000	2965
chr12	105000000	106000000	2716
chr12	106000000	107000000	2694
chr12	107000000	108000000	2674
chr12	108000000	109000000	3242
chr12	109000000	110000000	2370
chr12	110000000	111000000	2788
chr12	111000000	112000000	3077
chr12	112000000	113000000	2954
chr12	113000000	114000000	2678
chr12	114000000	115000000	2490
chr12	115000000	116000000	1895
chr12	116000000	117000000	3415
chr12	117000000	118000000	3403
chr12	118000000	119000000	3210
chr12	119000000	120000000	2821
chr12	120000000	121000000	79
chr13	0	1000000	0
chr13	1000000	2000000	0
chr13	2000000	3000000	0
chr13	3000000	4000000	2646
chr13	4000000	5000000	3018
chr13	5000000	6000000	3420
chr13	6000000	7000000	3474
chr13	7000000	8000000	3284
chr13	8000000	9000000	3249
chr13	9000000	10000000	3569
chr13	10000000	11000000	3367
chr13	11000000	12000000	3568
chr13	12000000	13000000	3329
chr13	13000000	14000000	2506
chr13	14000000	15000000	3130
chr13	15000000	16000000	3546
chr13	16000000	17000000	3689
chr13	17000000	18000000	3303
chr13	18000000	19000000	3674
chr13	19000000	20000000	3415
chr13	20000000	21000000	3754
chr13	21000000	22000000	2850
chr13	22000000	23000000	2425
chr13	23000000	24000000	2980
chr13	24000000	25000000	3570
chr13	25000000	26000000	3554
chr13	26000000	27000000	3348
chr13	27000000	28000000	2832
chr13	28000000	29000000	3433
chr13	29000000	30000000	3725
chr13	30000000	31000000	3465
chr13	31000000	32000000	3729
chr13	32000000	33000000	3526
chr13	33000000	34000000	2626
chr13	34000000	35000000	3565
chr13	35000000	36000000	3565
chr13	36000000	37000000	3740
chr13	37000000	38000000	3516
chr13	38000000	39000000	3446
chr13	39000000	40000000	3146
chr13	40000000	41000000	3454
chr13	41000000	42000000	3406
chr13	42000000	43000000	3127
chr13	43000000	44000000	3184
chr13	44000000	45000000	2802
chr13	45000000	46000000	2764
chr13	46000000	47000000	2663
chr13	47000000	48000000	2728
chr13	48000000	49000000	3035
chr13	49000000	50000000	3243
chr13	50000000	51000000	1713
chr13	51000000	52000000	3204
chr13	52000000	53000000	2930
chr13	53000000	54000000	2558
chr13	54000000	55000000	2965
chr13	55000000	56000000	2595
chr13	56000000	57000000	2658
chr13	57000000	58000000	2922
chr13	58000000	59000000	2851
chr13	59000000	60000000	2961
chr13	60000000	61000000	2661
chr13	61000000	62000000	2222
chr13	62000000	63000000	2020
chr13	63000000	64000000	3298
chr13	64000000	65000000	2839
chr13	65000000	66000000	1201
chr13	66000000	67000000	903
chr13	67000000	68000000	2301
chr13	68000000	69000000	2456
chr13	69000000	70000000	3537
chr13	70000000	71000000	3526
chr13	71000000	72000000	3579
chr13	72000000	73000000	3691
chr13	73000000	74000000	3778
chr13	74000000	75000000	3226
chr13	75000000	76000000	3295
chr13	76000000	77000000	3584
chr13	77000000	78000000	3241
chr13	78000000	79000000	3218
chr13	79000000	80000000	3284
chr13	80000000	81000000	3615
chr13	81000000	82000000	3674
chr13	82000000	83000000	3703
chr13	83000000	84000000	3616
chr13	84000000	85000000	3440
chr13	85000000	86000000	3291
chr13	86000000	87000000	3175
chr13	87000000	88000000	3144
chr13	88000000	89000000	3731
chr13	89000000	90000000	3899
chr13	90000000	91000000	3813
chr13	91000000	92000000	4105
chr13	92000000	93000000	3729
chr13	93000000	94000000	3437
chr13	94000000	95000000	3490
chr13	95000000	96000000	3710
chr13	96000000	97000000	3489
chr13	97000000	98000000	3179
chr13	98000000	99000000	3142
chr13	99000000	100000000	3313
chr13	100000000	101000000	2989
chr13	101000000	102000000	3632
chr13	102000000	103000000	3440
chr13	103000000	104000000	3391
chr13	104000000	105000000	3648
chr13	105000000	106000000	3496
chr13	106000000	107000000	3588
chr13	107000000	108000000	3759
chr13	108000000	109000000	3786
chr13	109000000	110000000	3583
chr13	110000000	111000000	3590
chr13	111000000	112000000	3466
chr13	112000000	113000000	3719
chr13	113000000	114000000	3723
chr13	114000000	115000000	3799
chr13	115000000	116000000	3632
chr13	116000000	117000000	3543
chr13	117000000	118000000	3767
chr13	118000000	119000000	3700
chr13	119000000	120000000	2559
chr13	120000000	121000000	267
chr14	0	1000000	0
chr14	1000000	2000000	0
chr14	2000000	3000000	0
chr14	3000000	4000000	129
chr14	4000000	5000000	404
chr14	5000000	6000000	254
chr14	6000000	7000000	519
chr14	7000000	8000000	1266
chr14	8000000	9000000	3365
chr14	9000000	10000000	3605
chr14	10000000	11000000	3479
chr14	11000000	12000000	3604
chr14	12000000	13000000	3861
chr14	13000000	14000000	3303
chr14	14000000	15000000	3164
chr14	15000000	16000000	3308
chr14	16000000	17000000	3394
chr14	17000000	18000000	3144
chr14	18000000	19000000	2895
chr14	19000000	20000000	2195
chr14	20000000	21000000	2871
chr14	21000000	22000000	3001
chr14	22000000	23000000	3026
chr14	23000000	24000000	3025
chr14	24000000	25000000	2872
chr14	25000000	26000000	3186
chr14	26000000	27000000	1780
chr14	27000000	28000000	2756
chr14	28000000	29000000	2731
chr14	29000000	30000000	3037
chr14	30000000	31000000	2995
chr14	31000000	32000000	2897
chr14	32000000	33000000	2828
chr14	33000000	34000000	3122
chr14	34000000	35000000	3213
chr14	35000000	36000000	3248
chr14	36000000	37000000	3061
chr14	37000000	38000000	3017
chr14	38000000	39000000	3243
chr14	39000000	40000000	3329
chr14	40000000	41000000	3159
chr14	41000000	42000000	1278
chr14	42000000	43000000	338
chr14	43000000	44000000	1288
chr14	44000000	45000000	2066
chr14	45000000	46000000	3242
chr14	46000000	47000000	3289
chr14	47000000	48000000	3383
chr14	48000000	49000000	3331
chr14	49000000	50000000	3147
chr14	50000000	51000000	2634
chr14	51000000	52000000	2392
chr14	52000000	53000000	2023
chr14	53000000	54000000	1457
chr14	54000000	55000000	2846
chr14	55000000	56000000	2841
chr14	56000000	57000000	2639
chr14	57000000	58000000	3187
chr14	58000000	59000000	3172
chr14	59000000	60000000	3043
chr14	60000000	61000000	3134
chr14	61000000	62000000	2814
chr14	62000000	63000000	3082
chr14	63000000	64000000	3057
chr14	64000000	65000000	3109
chr14	65000000	66000000	2798
chr14	66000000	67000000	3023
chr14	67000000	68000000	3069
chr14	68000000	69000000	2744
chr14	69000000	70000000	1620
chr14	70000000	71000000	3363
chr14	71000000	72000000	2971
chr14	72000000	73000000	3000
chr14	73000000	74000000	3127
chr14	74000000	75000000	3193
chr14	75000000	76000000	3388
chr14	76000000	77000000	3259
chr14	77000000	78000000	3215
chr14	78000000	79000000	3166
chr14	79000000	80000000	3361
chr14	80000000	81000000	3471
chr14	81000000	82000000	3362
chr14	82000000	83000000	3175
chr14	83000000	84000000	3284
chr14	84000000	85000000	3265
chr14	85000000	86000000	3287
chr14	86000000	87000000	3561
chr14	87000000	88000000	3609
chr14	88000000	89000000	3411
chr14	89000000	90000000	3451
chr14	90000000	91000000	3364
chr14	91000000	92000000	3178
chr14	92000000	93000000	3104
chr14	93000000	94000000	3457
chr14	94000000	95000000	3542
chr14	95000000	96000000	3499
chr14	96000000	97000000	3631
chr14	97000000	98000000	3677
chr14	98000000	99000000	3743
chr14	99000000	100000000	3814
chr14	100000000	101000000	3403
chr14	101000000	102000000	3597
chr14	102000000	103000000	3668
chr14	103000000	104000000	3536
chr14	104000000	105000000	3525
chr14	105000000	106000000	3540
chr14	106000000	107000000	3461
chr14	107000000	108000000	3564
chr14	108000000	109000000	3468
chr14	109000000	110000000	3608
chr14	110000000	111000000	3564
chr14	111000000	112000000	3729
chr14	112000000	113000000	3614
chr14	113000000	114000000	3554
chr14	114000000	115000000	3718
chr14	115000000	116000000	3854
chr14	116000000	117000000	3505
chr14	117000000	118000000	4001
chr14	118000000	119000000	3578
chr14	119000000	120000000	3580
chr14	120000000	121000000	3355
chr14	121000000	122000000	3518
chr14	122000000	123000000	3057
chr14	123000000	124000000	2366
chr14	124000000	125000000	2067
chr15	0	1000000	0
chr15	1000000	2000000	0
chr15	2000000	3000000	0
chr15	3000000	4000000	2235
chr15	4000000	5000000	2778
chr15	5000000	6000000	2833
chr15	6000000	7000000	3018
chr15	7000000	8000000	3381
chr15	8000000	9000000	3314
chr15	9000000	10000000	3160
chr15	10000000	11000000	3518
chr15	11000000	12000000	3584
chr15	12000000	13000000	3644
chr15	13000000	14000000	3557
chr15	14000000	15000000	3308
chr15	15000000	16000000	3540
chr15	16000000	17000000	3641
chr15	17000000	18000000	3279
chr15	18000000	19000000	3355
chr15	19000000	20000000	3263
chr15	20000000	21000000	3328
chr15	21000000	22000000	3357
chr15	22000000	23000000	3331
chr15	23000000	24000000	3399
chr15	24000000	25000000	3294
chr15	25000000	26000000	3626
chr15	26000000	27000000	3439
chr15	27000000	28000000	3608
chr15	28000000	29000000	3223
chr15	29000000	30000000	3178
chr15	30000000	31000000	3465
chr15	31000000	32000000	3316
chr15	32000000	33000000	3524
chr15	33000000	34000000	2829
chr15	34000000	35000000	3341
chr15	35000000	36000000	3063
chr15	36000000	37000000	3432
chr15	37000000	38000000	3110
chr15	38000000	39000000	2742
chr15	39000000	40000000	3130
chr15	40000000	41000000	3097
chr15	41000000	42000000	3588
chr15	42000000	43000000	3606
chr15	43000000	44000000	3338
chr15	44000000	45000000	3328
chr15	45000000	46000000	3187
chr15	46000000	47000000	3071
chr15	47000000	48000000	3353
chr15	48000000	49000000	3393
chr15	49000000	50000000	3006
chr15	50000000	51000000	3202
chr15	51000000	52000000	3450
chr15	52000000	53000000	3126
chr15	53000000	54000000	3766
chr15	54000000	55000000	3393
chr15	55000000	56000000	3438
chr15	56000000	57000000	2920
chr15	57000000	58000000	3403
chr15	58000000	59000000	3343
chr15	59000000	60000000	3407
chr15	60000000	61000000	2994
chr15	61000000	62000000	2975
chr15	62000000	63000000	3251
chr15	63000000	64000000	2748
chr15	64000000	65000000	3405
chr15	65000000	66000000	2928
chr15	66000000	67000000	3394
chr15	67000000	68000000	3218
chr15	68000000	69000000	3413
chr15	69000000	70000000	3040
chr15	70000000	71000000	2932
chr15	71000000	72000000	2993
chr15	72000000	73000000	3140
chr15	73000000	74000000	3162
chr15	74000000	75000000	2861
chr15	75000000	76000000	2415
chr15	76000000	77000000	3046
chr15	77000000	78000000	2285
chr15	78000000	79000000	2734
chr15	79000000	80000000	2864
chr15	80000000	81000000	2814
chr15	81000000	82000000	2701
chr15	82000000	83000000	2276
chr15	83000000	84000000	2549
chr15	84000000	85000000	2798
chr15	85000000	86000000	2679
chr15	86000000	87000000	2943
chr15	87000000	88000000	2723
chr15	88000000	89000000	2542
chr15	89000000	90000000	2809
chr15	90000000	91000000	2501
chr15	91000000	92000000	2865
chr15	92000000	93000000	2842
chr15	93000000	94000000	2900
chr15	94000000	95000000	2876
chr15	95000000	96000000	2958
chr15	96000000	97000000	2681
chr15	97000000	98000000	2512
chr15	98000000	99000000	2485
chr15	99000000	100000000	2593
chr15	100000000	101000000	2727
chr15	101000000	102000000	2596
chr15	102000000	103000000	2654
chr15	103000000	104000000	2122
chr15	104000000	105000000	0
chr16	0	1000000	0
chr16	1000000	2000000	0
chr16	2000000	3000000	0
chr16	3000000	4000000	1520
chr16	4000000	5000000	2944
chr16	5000000	6000000	2865
chr16	6000000	7000000	3230
chr16	7000000	8000000	2677
chr16	8000000	9000000	2668
chr16	9000000	10000000	2887
chr16	10000000	11000000	2972
chr16	11000000	12000000	3088
chr16	12000000	13000000	2688
chr16	13000000	14000000	2898
chr16	14000000	15000000	2637
chr16	15000000	16000000	2511
chr16	16000000	17000000	2388
chr16	17000000	18000000	3046
chr16	18000000	19000000	3201
chr16	19000000	20000000	2059
chr16	20000000	21000000	2586
chr16	21000000	22000000	2583
chr16	22000000	23000000	2868
chr16	23000000	24000000	2957
chr16	24000000	25000000	3542
chr16	25000000	26000000	2894
chr16	26000000	27000000	2902
chr16	27000000	28000000	2610
chr16	28000000	29000000	3044
chr16	29000000	30000000	2885
chr16	30000000	31000000	2899
chr16	31000000	32000000	2859
chr16	32000000	33000000	2556
chr16	33000000	34000000	2951
chr16	34000000	35000000	2831
chr16	35000000	36000000	3073
chr16	36000000	37000000	2495
chr16	37000000	38000000	2801
chr16	38000000	39000000	2920
chr16	39000000	40000000	2760
chr16	40000000	41000000	3092
chr16	41000000	42000000	3034
chr16	42000000	43000000	2673
chr16	43000000	44000000	3041
chr16	44000000	45000000	3022
chr16	45000000	46000000	3080
chr16	46000000	47000000	3050
chr16	47000000	48000000	2915
chr16	48000000	49000000	3050
chr16	49000000	50000000	3405
chr16	50000000	51000000	3272
chr16	51000000	52000000	3105
chr16	52000000	53000000	3262
chr16	53000000	54000000	3025
chr16	54000000	55000000	2952
chr16	55000000	56000000	3080
chr16	56000000	57000000	3316
chr16	57000000	58000000	3550
chr16	58000000	59000000	3021
chr16	59000000	60000000	3217
chr16	60000000	61000000	3271
chr16	61000000	62000000	3191
chr16	62000000	63000000	3326
chr16	63000000	64000000	3451
chr16	64000000	65000000	3271
chr16	65000000	66000000	3258
chr16	66000000	67000000	3234
chr16	67000000	68000000	3251
chr16	68000000	69000000	3135
chr16	69000000	70000000	3066
chr16	70000000	71000000	3391
chr16	71000000	72000000	3465
chr16	72000000	73000000	3712
chr16	73000000	74000000	3653
chr16	74000000	75000000	3754
chr16	75000000	76000000	3603
chr16	76000000	77000000	3400
chr16	77000000	78000000	3416
chr16	78000000	79000000	3392
chr16	79000000	80000000	3366
chr16	80000000	81000000	3487
chr16	81000000	82000000	3571
chr16	82000000	83000000	3260
chr16	83000000	84000000	3228
chr16	84000000	85000000	3381
chr16	85000000	86000000	3534
chr16	86000000	87000000	3282
chr16	87000000	88000000	3400
chr16	88000000	89000000	3368
chr16	89000000	90000000	3259
chr16	90000000	91000000	3262
chr16	91000000	92000000	2982
chr16	92000000	93000000	2886
chr16	93000000	94000000	2788
chr16	94000000	95000000	3131
chr16	95000000	96000000	2828
chr16	96000000	97000000	3041
chr16	97000000	98000000	3049
chr16	98000000	99000000	191
chr17	0	1000000	0
chr17	1000000	2000000	0
chr17	2000000	3000000	0
chr17	3000000	4000000	2428
chr17	4000000	5000000	2296
chr17	5000000	6000000	3067
chr17	6000000	7000000	1432
chr17	7000000	8000000	1773
chr17	8000000	9000000	2534
chr17	9000000	10000000	2551
chr17	10000000	11000000	2933
chr17	11000000	12000000	2934
chr17	12000000	13000000	2821
chr17	13000000	14000000	1880
chr17	14000000	15000000	2704
chr17	15000000	16000000	2653
chr17	16000000	17000000	2242
chr17	17000000	18000000	1989
chr17	18000000	19000000	2082
chr17	19000000	20000000	2354
chr17	20000000	21000000	2263
chr17	21000000	22000000	2066
chr17	22000000	23000000	1648
chr17	23000000	24000000	1776
chr17	24000000	25000000	2912
chr17	25000000	26000000	2866
chr17	26000000	27000000	2646
chr17	27000000	28000000	3058
chr17	28000000	29000000	2607
chr17	29000000	30000000	2526
chr17	30000000	31000000	2515
chr17	31000000	32000000	2787
chr17	32000000	33000000	2324
chr17	33000000	34000000	1971
chr17	34000000	35000000	2181
chr17	35000000	36000000	2452
chr17	36000000	37000000	2072
chr17	37000000	38000000	2340
chr17	38000000	39000000	2521
chr17	39000000	40000000	2875
chr17	40000000	41000000	2318
chr17	41000000	42000000	2773
chr17	42000000	43000000	3021
chr17	43000000	44000000	3167
chr17	44000000	45000000	2852
chr17	45000000	46000000	2860
chr17	46000000	47000000	2845
chr17	47000000	48000000	2711
chr17	48000000	49000000	2973
chr17	49000000	50000000	3267
chr17	50000000	51000000	3229
chr17	51000000	52000000	3199
chr17	52000000	53000000	3189
chr17	53000000	54000000	2692
chr17	54000000	55000000	2822
chr17	55000000	56000000	2639
chr17	56000000	57000000	3683
chr17	57000000	58000000	2902
chr17	58000000	59000000	3221
chr17	59000000	60000000	3082
chr17	60000000	61000000	3071
chr17	61000000	62000000	2912
chr17	62000000	63000000	3306
chr17	63000000	64000000	3339
chr17	64000000	65000000	3363
chr17	65000000	66000000	3085
chr17	66000000	67000000	3152
chr17	67000000	68000000	3280
chr17	68000000	69000000	3027
chr17	69000000	70000000	2846
chr17	70000000	71000000	2961
chr17	71000000	72000000	3008
chr17	72000000	73000000	3065
chr17	73000000	74000000	3303
chr17	74000000	75000000	2983
chr17	75000000	76000000	3234
chr17	76000000	77000000	3025
chr17	77000000	78000000	3194
chr17	78000000	79000000	3436
chr17	79000000	80000000	3174
chr17	80000000	81000000	3168
chr17	81000000	82000000	3011
chr17	82000000	83000000	2855
chr17	83000000	84000000	3055
chr17	84000000	85000000	3001
chr17	85000000	86000000	2806
chr17	86000000	87000000	3034
chr17	87000000	88000000	2887
chr17	88000000	89000000	2859
chr17	89000000	90000000	2661
chr17	90000000	91000000	3123
chr17	91000000	92000000	2644
chr17	92000000	93000000	2508
chr17	93000000	94000000	2830
chr17	94000000	95000000	2388
chr18	0	1000000	0
chr18	1000000	2000000	0
chr18	2000000	3000000	0
chr18	3000000	4000000	2451
chr18	4000000	5000000	2947
chr18	5000000	6000000	3110
chr18	6000000	7000000	2873
chr18	7000000	8000000	2902
chr18	8000000	9000000	3038
chr18	9000000	10000000	3192
chr18	10000000	11000000	3175
chr18	11000000	12000000	3323
chr18	12000000	13000000	3571
chr18	13000000	14000000	3451
chr18	14000000	15000000	3488
chr18	15000000	16000000	3350
chr18	16000000	17000000	3483
chr18	17000000	18000000	3040
chr18	18000000	19000000	3164
chr18	19000000	20000000	3171
chr18	20000000	21000000	3365
chr18	21000000	22000000	3631
chr18	22000000	23000000	3341
chr18	23000000	24000000	3343
chr18	24000000	25000000	3362
chr18	25000000	26000000	3697
chr18	26000000	27000000	3338
chr18	27000000	28000000	3315
chr18	28000000	29000000	3175
chr18	29000000	30000000	3369
chr18	30000000	31000000	3365
chr18	31000000	32000000	3286
chr18	32000000	33000000	2921
chr18	33000000	34000000	2755
chr18	34000000	35000000	2875
chr18	35000000	36000000	2945
chr18	36000000	37000000	2846
chr18	37000000	38000000	2470
chr18	38000000	39000000	3246
chr18	39000000	40000000	3206
chr18	40000000	41000000	2927
chr18	41000000	42000000	2960
chr18	42000000	43000000	3308
chr18	43000000	44000000	3220
chr18	44000000	45000000	3194
chr18	45000000	46000000	3285
chr18	46000000	47000000	3348
chr18	47000000	48000000	3539
chr18	48000000	49000000	3146
chr18	49000000	50000000	3436
chr18	50000000	51000000	3170
chr18	51000000	52000000	3296
chr18	52000000	53000000	3281
chr18	53000000	54000000	3323
chr18	54000000	55000000	3113
chr18	55000000	56000000	2984
chr18	56000000	57000000	3376
chr18	57000000	58000000	3394
chr18	58000000	59000000	3207
chr18	59000000	60000000	3204
chr18	60000000	61000000	3088
chr18	61000000	62000000	3335
chr18	62000000	63000000	3059
chr18	63000000	64000000	3074
chr18	64000000	65000000	3044
chr18	65000000	66000000	3159
chr18	66000000	67000000	2835
chr18	67000000	68000000	3179
chr18	68000000	69000000	3077
chr18	69000000	70000000	3008
chr18	70000000	71000000	2914
chr18	71000000	72000000	3091
chr18	72000000	73000000	3119
chr18	73000000	74000000	3099
chr18	74000000	75000000	3106
chr18	75000000	76000000	3440
chr18	76000000	77000000	2671
chr18	77000000	78000000	2815
chr18	78000000	79000000	3127
chr18	79000000	80000000	2725
chr18	80000000	81000000	3307
chr18	81000000	82000000	3220
chr18	82000000	83000000	3167
chr18	83000000	84000000	3243
chr18	84000000	85000000	3534
chr18	85000000	86000000	3070
chr18	86000000	87000000	3258
chr18	87000000	88000000	3149
chr18	88000000	89000000	3569
chr18	89000000	90000000	3303
chr18	90000000	91000000	1593
chr19	0	1000000	0
chr19	1000000	2000000	0
chr19	2000000	3000000	0
chr19	3000000	4000000	2143
chr19	4000000	5000000	2757
chr19	5000000	6000000	2810
chr19	6000000	7000000	2607
chr19	7000000	8000000	2165
chr19	8000000	9000000	1849
chr19	9000000	10000000	1515
chr19	10000000	11000000	3081
chr19	11000000	12000000	2138
chr19	12000000	13000000	2199
chr19	13000000	14000000	2114
chr19	14000000	15000000	2596
chr19	15000000	16000000	2628
chr19	16000000	17000000	2849
chr19	17000000	18000000	2830
chr19	18000000	19000000	2675
chr19	19000000	20000000	2520
chr19	20000000	21000000	2558
chr19	21000000	22000000	2730
chr19	22000000	23000000	2970
chr19	23000000	24000000	2861
chr19	24000000	25000000	2748
chr19	25000000	26000000	2856
chr19	26000000	27000000	2991
chr19	27000000	28000000	3027
chr19	28000000	29000000	3034
chr19	29000000	30000000	2840
chr19	30000000	31000000	2773
chr19	31000000	32000000	2992
chr19	32000000	33000000	2953
chr19	33000000	34000000	2315
chr19	34000000	35000000	2842
chr19	35000000	36000000	2672
chr19	36000000	37000000	2983
chr19	37000000	38000000	3110
chr19	38000000	39000000	2664
chr19	39000000	40000000	1583
chr19	40000000	41000000	2470
chr19	41000000	42000000	2484
chr19	42000000	43000000	2733
chr19	43000000	44000000	2183
chr19	44000000	45000000	2356
chr19	45000000	46000000	2346
chr19	46000000	47000000	2834
chr19	47000000	48000000	2666
chr19	48000000	49000000	2708
chr19	49000000	50000000	2513
chr19	50000000	51000000	2691
chr19	51000000	52000000	2451
chr19	52000000	53000000	2520
chr19	53000000	54000000	2922
chr19	54000000	55000000	2467
chr19	55000000	56000000	2855
chr19	56000000	57000000	2699
chr19	57000000	58000000	2726
chr19	58000000	59000000	2788
chr19	59000000	60000000	2577
chr19	60000000	61000000	2505
chr19	61000000	62000000	784
chrX	0	1000000	0
chrX	1000000	2000000	0
chrX	2000000	3000000	0
chrX	3000000	4000000	125
chrX	4000000	5000000	152
chrX	5000000	6000000	965
chrX	6000000	7000000	1387
chrX	7000000	8000000	1551
chrX	8000000	9000000	1164
chrX	9000000	10000000	1493
chrX	10000000	11000000	1519
chrX	11000000	12000000	1691
chrX	12000000	13000000	1675
chrX	13000000	14000000	1530
chrX	14000000	15000000	1509
chrX	15000000	16000000	1440
chrX	16000000	17000000	1569
chrX	17000000	18000000	1645
chrX	18000000	19000000	1418
chrX	19000000	20000000	1448
chrX	20000000	21000000	1501
chrX	21000000	22000000	1383
chrX	22000000	23000000	1547
chrX	23000000	24000000	1452
chrX	24000000	25000000	572
chrX	25000000	26000000	287
chrX	26000000	27000000	380
chrX	27000000	28000000	5
chrX	28000000	29000000	12
chrX	29000000	30000000	84
chrX	30000000	31000000	21
chrX	31000000	32000000	492
chrX	32000000	33000000	164
chrX	33000000	34000000	251
chrX	34000000	35000000	94
chrX	35000000	36000000	670
chrX	36000000	37000000	1597
chrX	37000000	38000000	871
chrX	38000000	39000000	1472
chrX	39000000	40000000	1484
chrX	40000000	41000000	1509
chrX	41000000	42000000	1512
chrX	42000000	43000000	1484
chrX	43000000	44000000	1430
chrX	44000000	45000000	1177
chrX	45000000	46000000	1323
chrX	46000000	47000000	1454
chrX	47000000	48000000	1483
chrX	48000000	49000000	1620
chrX	49000000	50000000	1511
chrX	50000000	51000000	1580
chrX	51000000	52000000	1789
chrX	52000000	53000000	1795
chrX	53000000	54000000	1351
chrX	54000000	55000000	296
chrX	55000000	56000000	603
chrX	56000000	57000000	1561
chrX	57000000	58000000	1692
chrX	58000000	59000000	1610
chrX	59000000	60000000	1761
chrX	60000000	61000000	1727
chrX	61000000	62000000	1680
chrX	62000000	63000000	1547
chrX	63000000	64000000	1668
chrX	64000000	65000000	1631
chrX	65000000	66000000	1569
chrX	66000000	67000000	1577
chrX	67000000	68000000	1659
chrX	68000000	69000000	1555
chrX	69000000	70000000	1733
chrX	70000000	71000000	1465
chrX	71000000	72000000	1692
chrX	72000000	73000000	1372
chrX	73000000	74000000	1420
chrX	74000000	75000000	1081
chrX	75000000	76000000	1298
chrX	76000000	77000000	1376
chrX	77000000	78000000	1477
chrX	78000000	79000000	1390
chrX	79000000	80000000	1420
chrX	80000000	81000000	1386
chrX	81000000	82000000	1576
chrX	82000000	83000000	1612
chrX	83000000	84000000	1838
chrX	84000000	85000000	1792
chrX	85000000	86000000	1753
chrX	86000000	87000000	1541
chrX	87000000	88000000	1649
chrX	88000000	89000000	1570
chrX	89000000	90000000	1513
chrX	90000000	91000000	1503
chrX	91000000	92000000	1148
chrX	92000000	93000000	1485
chrX	93000000	94000000	1701
chrX	94000000	95000000	1186
chrX	95000000	96000000	1451
chrX	96000000	97000000	1548
chrX	97000000	98000000	1435
chrX	98000000	99000000	1590
chrX	99000000	100000000	1769
chrX	100000000	101000000	1615
chrX	101000000	102000000	1525
chrX	102000000	103000000	1442
chrX	103000000	104000000	1471
chrX	104000000	105000000	1488
chrX	105000000	106000000	1489
chrX	106000000	107000000	1572
chrX	107000000	108000000	1508
chrX	108000000	109000000	1528
chrX	109000000	110000000	1508
chrX	110000000	111000000	1507
chrX	111000000	112000000	1344
chrX	112000000	113000000	1468
chrX	113000000	114000000	1554
chrX	114000000	115000000	1447
chrX	115000000	116000000	1519
chrX	116000000	117000000	1673
chrX	117000000	118000000	1627
chrX	118000000	119000000	1499
chrX	119000000	120000000	1602
chrX	120000000	121000000	1609
chrX	121000000	122000000	1610
chrX	122000000	123000000	1358
chrX	123000000	124000000	200
chrX	124000000	125000000	166
chrX	125000000	126000000	3
chrX	126000000	127000000	1123
chrX	127000000	128000000	1555
chrX	128000000	129000000	1596
chrX	129000000	130000000	1708
chrX	130000000	131000000	1887
chrX	131000000	132000000	1696
chrX	132000000	133000000	1690
chrX	133000000	134000000	1606
chrX	134000000	135000000	1703
chrX	135000000	136000000	1051
chrX	136000000	137000000	1364
chrX	137000000	138000000	1692
chrX	138000000	139000000	1735
chrX	139000000	140000000	1713
chrX	140000000	141000000	1827
chrX	141000000	142000000	1375
chrX	142000000	143000000	1763
chrX	143000000	144000000	1690
chrX	144000000	145000000	1519
chrX	145000000	146000000	1517
chrX	146000000	147000000	1485
chrX	147000000	148000000	1076
chrX	148000000	149000000	117
chrX	149000000	150000000	139
chrX	150000000	151000000	1207
chrX	151000000	152000000	1347
chrX	152000000	153000000	1355
chrX	153000000	154000000	1659
chrX	154000000	155000000	1323
chrX	155000000	156000000	1507
chrX	156000000	157000000	1513
chrX	157000000	158000000	1606
chrX	158000000	159000000	1548
chrX	159000000	160000000	1666
chrX	160000000	161000000	1754
chrX	161000000	162000000	1564
chrX	162000000	163000000	1723
chrX	163000000	164000000	1862
chrX	164000000	165000000	1765
chrX	165000000	166000000	1556
chrX	166000000	167000000	1845
chrX	167000000	168000000	1909
chrX	168000000	169000000	1843
chrX	169000000	170000000	1629
chrX	170000000	171000000	35
chrX	171000000	172000000	0
chrY	0	1000000	349
chrY	1000000	2000000	1007
chrY	2000000	3000000	721
chrY	3000000	4000000	213
chrY	4000000	5000000	565
chrY	5000000	6000000	644
chrY	6000000	7000000	662
chrY	7000000	8000000	35
chrY	8000000	9000000	289
chrY	9000000	10000000	515
chrY	10000000	11000000	399
chrY	11000000	12000000	9
chrY	12000000	13000000	5
chrY	13000000	14000000	13
chrY	14000000	15000000	12
chrY	15000000	16000000	3
chrY	16000000	17000000	50
chrY	17000000	18000000	34
chrY	18000000	19000000	1
chrY	19000000	20000000	1
chrY	20000000	21000000	130
chrY	21000000	22000000	48
chrY	22000000	23000000	24
chrY	23000000	24000000	37
chrY	24000000	25000000	5
chrY	25000000	26000000	3
chrY	26000000	27000000	7
chrY	27000000	28000000	7
chrY	28000000	29000000	56
chrY	29000000	30000000	63
chrY	30000000	31000000	8
chrY	31000000	32000000	11
chrY	32000000	33000000	22
chrY	33000000	34000000	17
chrY	34000000	35000000	33
chrY	35000000	36000000	61
chrY	36000000	37000000	27
chrY	37000000	38000000	29
chrY	38000000	39000000	116
chrY	39000000	40000000	104
chrY	40000000	41000000	104
chrY	41000000	42000000	229
chrY	42000000	43000000	109
chrY	43000000	44000000	125
chrY	44000000	45000000	112
chrY	45000000	46000000	3
chrY	46000000	47000000	6
chrY	47000000	48000000	16
chrY	48000000	49000000	1
chrY	49000000	50000000	1
chrY	50000000	51000000	5
chrY	51000000	52000000	0
chrY	52000000	53000000	1
chrY	53000000	54000000	9
chrY	54000000	55000000	7
chrY	55000000	56000000	7
chrY	56000000	57000000	4
chrY	57000000	58000000	15
chrY	58000000	59000000	10
chrY	59000000	60000000	9
chrY	60000000	61000000	7
chrY	61000000	62000000	1
chrY	62000000	63000000	1
chrY	63000000	64000000	1
chrY	64000000	65000000	1
chrY	65000000	66000000	2
chrY	66000000	67000000	0
chrY	67000000	68000000	17
chrY	68000000	69000000	9
chrY	69000000	70000000	20
chrY	70000000	71000000	14
chrY	71000000	72000000	24
chrY	72000000	73000000	24
chrY	73000000	74000000	28
chrY	74000000	75000000	43
chrY	75000000	76000000	55
chrY	76000000	77000000	25
chrY	77000000	78000000	16
chrY	78000000	79000000	19
chrY	79000000	80000000	20
chrY	80000000	81000000	19
chrY	81000000	82000000	56
chrY	82000000	83000000	62
chrY	83000000	84000000	85
chrY	84000000	85000000	87
chrY	85000000	86000000	40
chrY	86000000	87000000	107
chrY	87000000	88000000	158
chrY	88000000	89000000	152
chrY	89000000	90000000	149
chrY	90000000	91000000	285
chrY	91000000	92000000	0
chrM 0  1000000 0
