chr1	0	1000000	0
chr1	1000000	2000000	0
chr1	2000000	3000000	0
chr1	3000000	4000000	11568
chr1	4000000	5000000	11960
chr1	5000000	6000000	10858
chr1	6000000	7000000	11772
chr1	7000000	8000000	10008
chr1	8000000	9000000	9354
chr1	9000000	10000000	12412
chr1	10000000	11000000	12349
chr1	11000000	12000000	10562
chr1	12000000	13000000	12261
chr1	13000000	14000000	13765
chr1	14000000	15000000	13623
chr1	15000000	16000000	12128
chr1	16000000	17000000	13671
chr1	17000000	18000000	10834
chr1	18000000	19000000	10047
chr1	19000000	20000000	10364
chr1	20000000	21000000	11874
chr1	21000000	22000000	12074
chr1	22000000	23000000	11318
chr1	23000000	24000000	12661
chr1	24000000	25000000	11903
chr1	25000000	26000000	10494
chr1	26000000	27000000	10088
chr1	27000000	28000000	9799
chr1	28000000	29000000	10382
chr1	29000000	30000000	9901
chr1	30000000	31000000	10698
chr1	31000000	32000000	11346
chr1	32000000	33000000	11505
chr1	33000000	34000000	12836
chr1	34000000	35000000	13689
chr1	35000000	36000000	13445
chr1	36000000	37000000	16607
chr1	37000000	38000000	14281
chr1	38000000	39000000	13937
chr1	39000000	40000000	15360
chr1	40000000	41000000	14497
chr1	41000000	42000000	11969
chr1	42000000	43000000	12724
chr1	43000000	44000000	14985
chr1	44000000	45000000	10685
chr1	45000000	46000000	10677
chr1	46000000	47000000	8919
chr1	47000000	48000000	9656
chr1	48000000	49000000	9146
chr1	49000000	50000000	9389
chr1	50000000	51000000	11271
chr1	51000000	52000000	13914
chr1	52000000	53000000	13964
chr1	53000000	54000000	12204
chr1	54000000	55000000	14560
chr1	55000000	56000000	14102
chr1	56000000	57000000	12420
chr1	57000000	58000000	13234
chr1	58000000	59000000	14417
chr1	59000000	60000000	15213
chr1	60000000	61000000	14540
chr1	61000000	62000000	13097
chr1	62000000	63000000	12725
chr1	63000000	64000000	13806
chr1	64000000	65000000	15213
chr1	65000000	66000000	12014
chr1	66000000	67000000	11899
chr1	67000000	68000000	10731
chr1	68000000	69000000	9833
chr1	69000000	70000000	11159
chr1	70000000	71000000	12213
chr1	71000000	72000000	14400
chr1	72000000	73000000	15230
chr1	73000000	74000000	12744
chr1	74000000	75000000	16459
chr1	75000000	76000000	14682
chr1	76000000	77000000	11869
chr1	77000000	78000000	13220
chr1	78000000	79000000	13532
chr1	79000000	80000000	11943
chr1	80000000	81000000	12291
chr1	81000000	82000000	13347
chr1	82000000	83000000	14811
chr1	83000000	84000000	12130
chr1	84000000	85000000	11890
chr1	85000000	86000000	7200
chr1	86000000	87000000	15843
chr1	87000000	88000000	16720
chr1	88000000	89000000	20390
chr1	89000000	90000000	16285
chr1	90000000	91000000	16560
chr1	91000000	92000000	18155
chr1	92000000	93000000	16801
chr1	93000000	94000000	15015
chr1	94000000	95000000	11284
chr1	95000000	96000000	10391
chr1	96000000	97000000	9724
chr1	97000000	98000000	11691
chr1	98000000	99000000	11191
chr1	99000000	100000000	9417
chr1	100000000	101000000	10003
chr1	101000000	102000000	8580
chr1	102000000	103000000	10491
chr1	103000000	104000000	10210
chr1	104000000	105000000	10067
chr1	105000000	106000000	13850
chr1	106000000	107000000	14842
chr1	107000000	108000000	10196
chr1	108000000	109000000	9306
chr1	109000000	110000000	8190
chr1	110000000	111000000	9229
chr1	111000000	112000000	9438
chr1	112000000	113000000	9834
chr1	113000000	114000000	10935
chr1	114000000	115000000	10263
chr1	115000000	116000000	10137
chr1	116000000	117000000	10082
chr1	117000000	118000000	8320
chr1	118000000	119000000	13202
chr1	119000000	120000000	14568
chr1	120000000	121000000	13554
chr1	121000000	122000000	13441
chr1	122000000	123000000	10810
chr1	123000000	124000000	10357
chr1	124000000	125000000	10850
chr1	125000000	126000000	12746
chr1	126000000	127000000	12562
chr1	127000000	128000000	14642
chr1	128000000	129000000	13328
chr1	129000000	130000000	11906
chr1	130000000	131000000	12392
chr1	131000000	132000000	15699
chr1	132000000	133000000	16932
chr1	133000000	134000000	15919
chr1	134000000	135000000	15769
chr1	135000000	136000000	15865
chr1	136000000	137000000	15043
chr1	137000000	138000000	11687
chr1	138000000	139000000	13988
chr1	139000000	140000000	11257
chr1	140000000	141000000	10278
chr1	141000000	142000000	11016
chr1	142000000	143000000	10236
chr1	143000000	144000000	10780
chr1	144000000	145000000	10509
chr1	145000000	146000000	9959
chr1	146000000	147000000	8772
chr1	147000000	148000000	9499
chr1	148000000	149000000	9396
chr1	149000000	150000000	13895
chr1	150000000	151000000	18245
chr1	151000000	152000000	16743
chr1	152000000	153000000	14470
chr1	153000000	154000000	15198
chr1	154000000	155000000	13358
chr1	155000000	156000000	15315
chr1	156000000	157000000	14578
chr1	157000000	158000000	14442
chr1	158000000	159000000	13522
chr1	159000000	160000000	14015
chr1	160000000	161000000	14415
chr1	161000000	162000000	13918
chr1	162000000	163000000	14266
chr1	163000000	164000000	13833
chr1	164000000	165000000	15539
chr1	165000000	166000000	14908
chr1	166000000	167000000	13066
chr1	167000000	168000000	15020
chr1	168000000	169000000	13110
chr1	169000000	170000000	12037
chr1	170000000	171000000	12920
chr1	171000000	172000000	12725
chr1	172000000	173000000	12248
chr1	173000000	174000000	8788
chr1	174000000	175000000	8494
chr1	175000000	176000000	10698
chr1	176000000	177000000	12299
chr1	177000000	178000000	13835
chr1	178000000	179000000	13947
chr1	179000000	180000000	15573
chr1	180000000	181000000	16885
chr1	181000000	182000000	15489
chr1	182000000	183000000	15376
chr1	183000000	184000000	14196
chr1	184000000	185000000	15028
chr1	185000000	186000000	12279
chr1	186000000	187000000	13689
chr1	187000000	188000000	12617
chr1	188000000	189000000	12635
chr1	189000000	190000000	14108
chr1	190000000	191000000	15558
chr1	191000000	192000000	15720
chr1	192000000	193000000	13262
chr1	193000000	194000000	15136
chr1	194000000	195000000	14536
chr1	195000000	196000000	4430
chr2	0	1000000	0
chr2	1000000	2000000	0
chr2	2000000	3000000	0
chr2	3000000	4000000	20043
chr2	4000000	5000000	26022
chr2	5000000	6000000	25805
chr2	6000000	7000000	25353
chr2	7000000	8000000	16756
chr2	8000000	9000000	14747
chr2	9000000	10000000	16971
chr2	10000000	11000000	16358
chr2	11000000	12000000	17267
chr2	12000000	13000000	17481
chr2	13000000	14000000	20136
chr2	14000000	15000000	19144
chr2	15000000	16000000	15251
chr2	16000000	17000000	14755
chr2	17000000	18000000	17133
chr2	18000000	19000000	18455
chr2	19000000	20000000	17522
chr2	20000000	21000000	17693
chr2	21000000	22000000	17112
chr2	22000000	23000000	14933
chr2	23000000	24000000	15478
chr2	24000000	25000000	19330
chr2	25000000	26000000	24889
chr2	26000000	27000000	23304
chr2	27000000	28000000	24605
chr2	28000000	29000000	22307
chr2	29000000	30000000	22664
chr2	30000000	31000000	24152
chr2	31000000	32000000	23658
chr2	32000000	33000000	25048
chr2	33000000	34000000	23452
chr2	34000000	35000000	22277
chr2	35000000	36000000	22971
chr2	36000000	37000000	16483
chr2	37000000	38000000	18805
chr2	38000000	39000000	21662
chr2	39000000	40000000	16179
chr2	40000000	41000000	13457
chr2	41000000	42000000	13670
chr2	42000000	43000000	14062
chr2	43000000	44000000	14651
chr2	44000000	45000000	16846
chr2	45000000	46000000	16703
chr2	46000000	47000000	14582
chr2	47000000	48000000	14061
chr2	48000000	49000000	15953
chr2	49000000	50000000	18293
chr2	50000000	51000000	17792
chr2	51000000	52000000	17175
chr2	52000000	53000000	18846
chr2	53000000	54000000	14817
chr2	54000000	55000000	13868
chr2	55000000	56000000	13339
chr2	56000000	57000000	13522
chr2	57000000	58000000	15899
chr2	58000000	59000000	17755
chr2	59000000	60000000	19988
chr2	60000000	61000000	20571
chr2	61000000	62000000	18742
chr2	62000000	63000000	15298
chr2	63000000	64000000	14509
chr2	64000000	65000000	14867
chr2	65000000	66000000	17932
chr2	66000000	67000000	16146
chr2	67000000	68000000	14753
chr2	68000000	69000000	17459
chr2	69000000	70000000	19421
chr2	70000000	71000000	19021
chr2	71000000	72000000	21321
chr2	72000000	73000000	20094
chr2	73000000	74000000	19968
chr2	74000000	75000000	16738
chr2	75000000	76000000	19116
chr2	76000000	77000000	18591
chr2	77000000	78000000	19117
chr2	78000000	79000000	17941
chr2	79000000	80000000	19193
chr2	80000000	81000000	16870
chr2	81000000	82000000	14032
chr2	82000000	83000000	13973
chr2	83000000	84000000	14568
chr2	84000000	85000000	18870
chr2	85000000	86000000	16331
chr2	86000000	87000000	12718
chr2	87000000	88000000	13170
chr2	88000000	89000000	12539
chr2	89000000	90000000	13247
chr2	90000000	91000000	16029
chr2	91000000	92000000	22472
chr2	92000000	93000000	22387
chr2	93000000	94000000	21961
chr2	94000000	95000000	18557
chr2	95000000	96000000	14340
chr2	96000000	97000000	14258
chr2	97000000	98000000	13225
chr2	98000000	99000000	25319
chr2	99000000	100000000	12743
chr2	100000000	101000000	9920
chr2	101000000	102000000	18017
chr2	102000000	103000000	20606
chr2	103000000	104000000	21176
chr2	104000000	105000000	19317
chr2	105000000	106000000	17159
chr2	106000000	107000000	16147
chr2	107000000	108000000	16086
chr2	108000000	109000000	17140
chr2	109000000	110000000	19326
chr2	110000000	111000000	15708
chr2	111000000	112000000	12779
chr2	112000000	113000000	18216
chr2	113000000	114000000	19710
chr2	114000000	115000000	18537
chr2	115000000	116000000	19401
chr2	116000000	117000000	16741
chr2	117000000	118000000	20227
chr2	118000000	119000000	21413
chr2	119000000	120000000	20988
chr2	120000000	121000000	20798
chr2	121000000	122000000	20510
chr2	122000000	123000000	18865
chr2	123000000	124000000	15461
chr2	124000000	125000000	18679
chr2	125000000	126000000	20876
chr2	126000000	127000000	20429
chr2	127000000	128000000	21232
chr2	128000000	129000000	21697
chr2	129000000	130000000	19192
chr2	130000000	131000000	22332
chr2	131000000	132000000	21707
chr2	132000000	133000000	20741
chr2	133000000	134000000	17349
chr2	134000000	135000000	17002
chr2	135000000	136000000	17943
chr2	136000000	137000000	17576
chr2	137000000	138000000	17855
chr2	138000000	139000000	15863
chr2	139000000	140000000	17023
chr2	140000000	141000000	17918
chr2	141000000	142000000	18330
chr2	142000000	143000000	18028
chr2	143000000	144000000	17955
chr2	144000000	145000000	19967
chr2	145000000	146000000	20712
chr2	146000000	147000000	20119
chr2	147000000	148000000	17796
chr2	148000000	149000000	18826
chr2	149000000	150000000	15201
chr2	150000000	151000000	16145
chr2	151000000	152000000	14190
chr2	152000000	153000000	21090
chr2	153000000	154000000	22098
chr2	154000000	155000000	19172
chr2	155000000	156000000	19212
chr2	156000000	157000000	20384
chr2	157000000	158000000	22726
chr2	158000000	159000000	21865
chr2	159000000	160000000	16099
chr2	160000000	161000000	19295
chr2	161000000	162000000	17717
chr2	162000000	163000000	17189
chr2	163000000	164000000	20174
chr2	164000000	165000000	20775
chr2	165000000	166000000	20181
chr2	166000000	167000000	20429
chr2	167000000	168000000	23198
chr2	168000000	169000000	19168
chr2	169000000	170000000	17689
chr2	170000000	171000000	18705
chr2	171000000	172000000	15200
chr2	172000000	173000000	16949
chr2	173000000	174000000	20313
chr2	174000000	175000000	18626
chr2	175000000	176000000	1144
chr2	176000000	177000000	392
chr2	177000000	178000000	4106
chr2	178000000	179000000	16827
chr2	179000000	180000000	19595
chr2	180000000	181000000	24055
chr2	181000000	182000000	21948
chr2	182000000	183000000	159
chr3	0	1000000	0
chr3	1000000	2000000	0
chr3	2000000	3000000	0
chr3	3000000	4000000	21699
chr3	4000000	5000000	22148
chr3	5000000	6000000	23426
chr3	6000000	7000000	19069
chr3	7000000	8000000	21375
chr3	8000000	9000000	24490
chr3	9000000	10000000	28209
chr3	10000000	11000000	24252
chr3	11000000	12000000	18926
chr3	12000000	13000000	18866
chr3	13000000	14000000	21119
chr3	14000000	15000000	19020
chr3	15000000	16000000	13153
chr3	16000000	17000000	16702
chr3	17000000	18000000	16138
chr3	18000000	19000000	15280
chr3	19000000	20000000	17773
chr3	20000000	21000000	15127
chr3	21000000	22000000	16586
chr3	22000000	23000000	14600
chr3	23000000	24000000	13544
chr3	24000000	25000000	14952
chr3	25000000	26000000	14415
chr3	26000000	27000000	15280
chr3	27000000	28000000	20868
chr3	28000000	29000000	17223
chr3	29000000	30000000	17225
chr3	30000000	31000000	19971
chr3	31000000	32000000	16549
chr3	32000000	33000000	19095
chr3	33000000	34000000	15307
chr3	34000000	35000000	17985
chr3	35000000	36000000	16659
chr3	36000000	37000000	18847
chr3	37000000	38000000	18234
chr3	38000000	39000000	18030
chr3	39000000	40000000	15085
chr3	40000000	41000000	16310
chr3	41000000	42000000	18410
chr3	42000000	43000000	14252
chr3	43000000	44000000	12647
chr3	44000000	45000000	12274
chr3	45000000	46000000	13391
chr3	46000000	47000000	13269
chr3	47000000	48000000	13610
chr3	48000000	49000000	13824
chr3	49000000	50000000	14358
chr3	50000000	51000000	16330
chr3	51000000	52000000	20967
chr3	52000000	53000000	19820
chr3	53000000	54000000	18193
chr3	54000000	55000000	17059
chr3	55000000	56000000	19659
chr3	56000000	57000000	19896
chr3	57000000	58000000	24657
chr3	58000000	59000000	23067
chr3	59000000	60000000	15532
chr3	60000000	61000000	17495
chr3	61000000	62000000	14839
chr3	62000000	63000000	14112
chr3	63000000	64000000	16407
chr3	64000000	65000000	12996
chr3	65000000	66000000	19559
chr3	66000000	67000000	16042
chr3	67000000	68000000	16209
chr3	68000000	69000000	18327
chr3	69000000	70000000	18424
chr3	70000000	71000000	14286
chr3	71000000	72000000	12835
chr3	72000000	73000000	13087
chr3	73000000	74000000	12819
chr3	74000000	75000000	12080
chr3	75000000	76000000	15618
chr3	76000000	77000000	14687
chr3	77000000	78000000	12652
chr3	78000000	79000000	13206
chr3	79000000	80000000	17926
chr3	80000000	81000000	14507
chr3	81000000	82000000	16468
chr3	82000000	83000000	15688
chr3	83000000	84000000	17296
chr3	84000000	85000000	19274
chr3	85000000	86000000	19905
chr3	86000000	87000000	17742
chr3	87000000	88000000	18399
chr3	88000000	89000000	21433
chr3	89000000	90000000	22723
chr3	90000000	91000000	20186
chr3	91000000	92000000	12507
chr3	92000000	93000000	15508
chr3	93000000	94000000	13916
chr3	94000000	95000000	15744
chr3	95000000	96000000	21618
chr3	96000000	97000000	19063
chr3	97000000	98000000	15019
chr3	98000000	99000000	11330
chr3	99000000	100000000	11602
chr3	100000000	101000000	14336
chr3	101000000	102000000	14938
chr3	102000000	103000000	14338
chr3	103000000	104000000	15095
chr3	104000000	105000000	15317
chr3	105000000	106000000	14582
chr3	106000000	107000000	13087
chr3	107000000	108000000	15853
chr3	108000000	109000000	16147
chr3	109000000	110000000	13298
chr3	110000000	111000000	11325
chr3	111000000	112000000	9090
chr3	112000000	113000000	8268
chr3	113000000	114000000	7152
chr3	114000000	115000000	10528
chr3	115000000	116000000	12490
chr3	116000000	117000000	14500
chr3	117000000	118000000	12836
chr3	118000000	119000000	10917
chr3	119000000	120000000	11839
chr3	120000000	121000000	11216
chr3	121000000	122000000	16290
chr3	122000000	123000000	25164
chr3	123000000	124000000	20413
chr3	124000000	125000000	17976
chr3	125000000	126000000	18879
chr3	126000000	127000000	20481
chr3	127000000	128000000	18643
chr3	128000000	129000000	19188
chr3	129000000	130000000	21140
chr3	130000000	131000000	22020
chr3	131000000	132000000	23499
chr3	132000000	133000000	24229
chr3	133000000	134000000	21814
chr3	134000000	135000000	18719
chr3	135000000	136000000	23358
chr3	136000000	137000000	22997
chr3	137000000	138000000	20792
chr3	138000000	139000000	22909
chr3	139000000	140000000	17927
chr3	140000000	141000000	14421
chr3	141000000	142000000	16830
chr3	142000000	143000000	22289
chr3	143000000	144000000	20517
chr3	144000000	145000000	23150
chr3	145000000	146000000	24313
chr3	146000000	147000000	24384
chr3	147000000	148000000	19183
chr3	148000000	149000000	17869
chr3	149000000	150000000	18262
chr3	150000000	151000000	17771
chr3	151000000	152000000	20254
chr3	152000000	153000000	26262
chr3	153000000	154000000	21203
chr3	154000000	155000000	21404
chr3	155000000	156000000	20000
chr3	156000000	157000000	19190
chr3	157000000	158000000	20934
chr3	158000000	159000000	18662
chr3	159000000	160000000	16536
chr3	160000000	161000000	0
chr4	0	1000000	0
chr4	1000000	2000000	0
chr4	2000000	3000000	0
chr4	3000000	4000000	16287
chr4	4000000	5000000	20582
chr4	5000000	6000000	19194
chr4	6000000	7000000	21120
chr4	7000000	8000000	17808
chr4	8000000	9000000	22152
chr4	9000000	10000000	22663
chr4	10000000	11000000	18179
chr4	11000000	12000000	26321
chr4	12000000	13000000	20466
chr4	13000000	14000000	18661
chr4	14000000	15000000	18558
chr4	15000000	16000000	19324
chr4	16000000	17000000	18142
chr4	17000000	18000000	17326
chr4	18000000	19000000	15925
chr4	19000000	20000000	19236
chr4	20000000	21000000	17888
chr4	21000000	22000000	17865
chr4	22000000	23000000	19123
chr4	23000000	24000000	17060
chr4	24000000	25000000	17840
chr4	25000000	26000000	16765
chr4	26000000	27000000	15980
chr4	27000000	28000000	15922
chr4	28000000	29000000	18377
chr4	29000000	30000000	18090
chr4	30000000	31000000	17148
chr4	31000000	32000000	20627
chr4	32000000	33000000	24144
chr4	33000000	34000000	23233
chr4	34000000	35000000	22006
chr4	35000000	36000000	19964
chr4	36000000	37000000	17966
chr4	37000000	38000000	15393
chr4	38000000	39000000	16096
chr4	39000000	40000000	17448
chr4	40000000	41000000	24479
chr4	41000000	42000000	21584
chr4	42000000	43000000	3855
chr4	43000000	44000000	26933
chr4	44000000	45000000	25844
chr4	45000000	46000000	25836
chr4	46000000	47000000	25788
chr4	47000000	48000000	24126
chr4	48000000	49000000	21629
chr4	49000000	50000000	19159
chr4	50000000	51000000	16879
chr4	51000000	52000000	16640
chr4	52000000	53000000	18926
chr4	53000000	54000000	23950
chr4	54000000	55000000	19729
chr4	55000000	56000000	21638
chr4	56000000	57000000	23114
chr4	57000000	58000000	26149
chr4	58000000	59000000	23741
chr4	59000000	60000000	25314
chr4	60000000	61000000	3074
chr4	61000000	62000000	3972
chr4	62000000	63000000	18162
chr4	63000000	64000000	19848
chr4	64000000	65000000	8572
chr4	65000000	66000000	8634
chr4	66000000	67000000	7946
chr4	67000000	68000000	5658
chr4	68000000	69000000	6803
chr4	69000000	70000000	7847
chr4	70000000	71000000	7244
chr4	71000000	72000000	5163
chr4	72000000	73000000	6265
chr4	73000000	74000000	5700
chr4	74000000	75000000	6702
chr4	75000000	76000000	6922
chr4	76000000	77000000	6628
chr4	77000000	78000000	6155
chr4	78000000	79000000	6266
chr4	79000000	80000000	6835
chr4	80000000	81000000	8075
chr4	81000000	82000000	9161
chr4	82000000	83000000	10433
chr4	83000000	84000000	13625
chr4	84000000	85000000	13457
chr4	85000000	86000000	12167
chr4	86000000	87000000	13182
chr4	87000000	88000000	13621
chr4	88000000	89000000	13641
chr4	89000000	90000000	8676
chr4	90000000	91000000	9058
chr4	91000000	92000000	8942
chr4	92000000	93000000	8378
chr4	93000000	94000000	10336
chr4	94000000	95000000	13516
chr4	95000000	96000000	13950
chr4	96000000	97000000	11154
chr4	97000000	98000000	14062
chr4	98000000	99000000	14342
chr4	99000000	100000000	13852
chr4	100000000	101000000	13024
chr4	101000000	102000000	13680
chr4	102000000	103000000	13111
chr4	103000000	104000000	14725
chr4	104000000	105000000	13493
chr4	105000000	106000000	14757
chr4	106000000	107000000	15944
chr4	107000000	108000000	16979
chr4	108000000	109000000	15214
chr4	109000000	110000000	15219
chr4	110000000	111000000	11656
chr4	111000000	112000000	11531
chr4	112000000	113000000	1655
chr4	113000000	114000000	852
chr4	114000000	115000000	11048
chr4	115000000	116000000	12737
chr4	116000000	117000000	16554
chr4	117000000	118000000	16920
chr4	118000000	119000000	14853
chr4	119000000	120000000	15368
chr4	120000000	121000000	15906
chr4	121000000	122000000	9250
chr4	122000000	123000000	6574
chr4	123000000	124000000	15402
chr4	124000000	125000000	14550
chr4	125000000	126000000	15725
chr4	126000000	127000000	16959
chr4	127000000	128000000	14668
chr4	128000000	129000000	18765
chr4	129000000	130000000	20101
chr4	130000000	131000000	18259
chr4	131000000	132000000	19901
chr4	132000000	133000000	22545
chr4	133000000	134000000	19383
chr4	134000000	135000000	20569
chr4	135000000	136000000	21961
chr4	136000000	137000000	20786
chr4	137000000	138000000	23323
chr4	138000000	139000000	22619
chr4	139000000	140000000	24456
chr4	140000000	141000000	21285
chr4	141000000	142000000	20958
chr4	142000000	143000000	17809
chr4	143000000	144000000	10257
chr4	144000000	145000000	11020
chr4	145000000	146000000	12999
chr4	146000000	147000000	5808
chr4	147000000	148000000	12494
chr4	148000000	149000000	20153
chr4	149000000	150000000	21905
chr4	150000000	151000000	21540
chr4	151000000	152000000	22130
chr4	152000000	153000000	21572
chr4	153000000	154000000	19385
chr4	154000000	155000000	20711
chr4	155000000	156000000	22377
chr4	156000000	157000000	5963
chr5	0	1000000	0
chr5	1000000	2000000	0
chr5	2000000	3000000	0
chr5	3000000	4000000	17254
chr5	4000000	5000000	17115
chr5	5000000	6000000	16937
chr5	6000000	7000000	12230
chr5	7000000	8000000	13477
chr5	8000000	9000000	16409
chr5	9000000	10000000	15636
chr5	10000000	11000000	11934
chr5	11000000	12000000	2342
chr5	12000000	13000000	15403
chr5	13000000	14000000	15465
chr5	14000000	15000000	13778
chr5	15000000	16000000	7812
chr5	16000000	17000000	16264
chr5	17000000	18000000	16378
chr5	18000000	19000000	13630
chr5	19000000	20000000	14194
chr5	20000000	21000000	17169
chr5	21000000	22000000	18765
chr5	22000000	23000000	15214
chr5	23000000	24000000	15575
chr5	24000000	25000000	19736
chr5	25000000	26000000	16703
chr5	26000000	27000000	14002
chr5	27000000	28000000	16505
chr5	28000000	29000000	18510
chr5	29000000	30000000	19729
chr5	30000000	31000000	19861
chr5	31000000	32000000	20934
chr5	32000000	33000000	20631
chr5	33000000	34000000	22445
chr5	34000000	35000000	22443
chr5	35000000	36000000	23503
chr5	36000000	37000000	24165
chr5	37000000	38000000	20164
chr5	38000000	39000000	20156
chr5	39000000	40000000	16206
chr5	40000000	41000000	13530
chr5	41000000	42000000	15798
chr5	42000000	43000000	14458
chr5	43000000	44000000	17567
chr5	44000000	45000000	17265
chr5	45000000	46000000	17779
chr5	46000000	47000000	15702
chr5	47000000	48000000	15783
chr5	48000000	49000000	15971
chr5	49000000	50000000	16146
chr5	50000000	51000000	15320
chr5	51000000	52000000	17513
chr5	52000000	53000000	19510
chr5	53000000	54000000	20988
chr5	54000000	55000000	16733
chr5	55000000	56000000	13353
chr5	56000000	57000000	12976
chr5	57000000	58000000	13628
chr5	58000000	59000000	13514
chr5	59000000	60000000	12872
chr5	60000000	61000000	13355
chr5	61000000	62000000	13329
chr5	62000000	63000000	14110
chr5	63000000	64000000	16472
chr5	64000000	65000000	20558
chr5	65000000	66000000	20480
chr5	66000000	67000000	19603
chr5	67000000	68000000	16706
chr5	68000000	69000000	13671
chr5	69000000	70000000	13939
chr5	70000000	71000000	12369
chr5	71000000	72000000	14803
chr5	72000000	73000000	18469
chr5	73000000	74000000	19399
chr5	74000000	75000000	20061
chr5	75000000	76000000	17240
chr5	76000000	77000000	18982
chr5	77000000	78000000	16736
chr5	78000000	79000000	13434
chr5	79000000	80000000	12906
chr5	80000000	81000000	14531
chr5	81000000	82000000	16571
chr5	82000000	83000000	12900
chr5	83000000	84000000	13748
chr5	84000000	85000000	13497
chr5	85000000	86000000	13543
chr5	86000000	87000000	14960
chr5	87000000	88000000	13696
chr5	88000000	89000000	15382
chr5	89000000	90000000	16876
chr5	90000000	91000000	18550
chr5	91000000	92000000	19345
chr5	92000000	93000000	20276
chr5	93000000	94000000	7541
chr5	94000000	95000000	36
chr5	95000000	96000000	3001
chr5	96000000	97000000	18061
chr5	97000000	98000000	17947
chr5	98000000	99000000	16774
chr5	99000000	100000000	18426
chr5	100000000	101000000	20895
chr5	101000000	102000000	17824
chr5	102000000	103000000	16490
chr5	103000000	104000000	19874
chr5	104000000	105000000	17236
chr5	105000000	106000000	19954
chr5	106000000	107000000	19301
chr5	107000000	108000000	20849
chr5	108000000	109000000	19425
chr5	109000000	110000000	11375
chr5	110000000	111000000	21517
chr5	111000000	112000000	21840
chr5	112000000	113000000	20932
chr5	113000000	114000000	20923
chr5	114000000	115000000	21634
chr5	115000000	116000000	21707
chr5	116000000	117000000	18714
chr5	117000000	118000000	20100
chr5	118000000	119000000	21978
chr5	119000000	120000000	16942
chr5	120000000	121000000	21382
chr5	121000000	122000000	22620
chr5	122000000	123000000	21707
chr5	123000000	124000000	20546
chr5	124000000	125000000	21426
chr5	125000000	126000000	21210
chr5	126000000	127000000	16362
chr5	127000000	128000000	16141
chr5	128000000	129000000	17555
chr5	129000000	130000000	18528
chr5	130000000	131000000	20161
chr5	131000000	132000000	17443
chr5	132000000	133000000	15723
chr5	133000000	134000000	17715
chr5	134000000	135000000	28402
chr5	135000000	136000000	25212
chr5	136000000	137000000	22300
chr5	137000000	138000000	19204
chr5	138000000	139000000	16228
chr5	139000000	140000000	23057
chr5	140000000	141000000	23717
chr5	141000000	142000000	17669
chr5	142000000	143000000	21145
chr5	143000000	144000000	20262
chr5	144000000	145000000	20314
chr5	145000000	146000000	15776
chr5	146000000	147000000	18259
chr5	147000000	148000000	19510
chr5	148000000	149000000	19947
chr5	149000000	150000000	19570
chr5	150000000	151000000	20608
chr5	151000000	152000000	12578
chr6	0	1000000	0
chr6	1000000	2000000	0
chr6	2000000	3000000	0
chr6	3000000	4000000	8443
chr6	4000000	5000000	11108
chr6	5000000	6000000	12254
chr6	6000000	7000000	11691
chr6	7000000	8000000	9902
chr6	8000000	9000000	11835
chr6	9000000	10000000	10030
chr6	10000000	11000000	8516
chr6	11000000	12000000	9534
chr6	12000000	13000000	10641
chr6	13000000	14000000	11473
chr6	14000000	15000000	10743
chr6	15000000	16000000	11104
chr6	16000000	17000000	11765
chr6	17000000	18000000	13347
chr6	18000000	19000000	9280
chr6	19000000	20000000	6488
chr6	20000000	21000000	8052
chr6	21000000	22000000	11370
chr6	22000000	23000000	12557
chr6	23000000	24000000	10657
chr6	24000000	25000000	11710
chr6	25000000	26000000	10889
chr6	26000000	27000000	9175
chr6	27000000	28000000	11000
chr6	28000000	29000000	14552
chr6	29000000	30000000	15569
chr6	30000000	31000000	14817
chr6	31000000	32000000	15467
chr6	32000000	33000000	14570
chr6	33000000	34000000	13664
chr6	34000000	35000000	15489
chr6	35000000	36000000	12764
chr6	36000000	37000000	11877
chr6	37000000	38000000	14846
chr6	38000000	39000000	16861
chr6	39000000	40000000	15099
chr6	40000000	41000000	12833
chr6	41000000	42000000	11805
chr6	42000000	43000000	11896
chr6	43000000	44000000	12509
chr6	44000000	45000000	10024
chr6	45000000	46000000	10860
chr6	46000000	47000000	10826
chr6	47000000	48000000	12248
chr6	48000000	49000000	13768
chr6	49000000	50000000	13121
chr6	50000000	51000000	14596
chr6	51000000	52000000	14114
chr6	52000000	53000000	14091
chr6	53000000	54000000	13970
chr6	54000000	55000000	14852
chr6	55000000	56000000	13368
chr6	56000000	57000000	10213
chr6	57000000	58000000	9303
chr6	58000000	59000000	10816
chr6	59000000	60000000	11552
chr6	60000000	61000000	9790
chr6	61000000	62000000	10443
chr6	62000000	63000000	9897
chr6	63000000	64000000	10436
chr6	64000000	65000000	10759
chr6	65000000	66000000	12017
chr6	66000000	67000000	11997
chr6	67000000	68000000	12125
chr6	68000000	69000000	9328
chr6	69000000	70000000	8296
chr6	70000000	71000000	9764
chr6	71000000	72000000	15393
chr6	72000000	73000000	16201
chr6	73000000	74000000	11790
chr6	74000000	75000000	9816
chr6	75000000	76000000	9236
chr6	76000000	77000000	9944
chr6	77000000	78000000	11126
chr6	78000000	79000000	9603
chr6	79000000	80000000	9678
chr6	80000000	81000000	10479
chr6	81000000	82000000	10996
chr6	82000000	83000000	12660
chr6	83000000	84000000	16083
chr6	84000000	85000000	15774
chr6	85000000	86000000	13859
chr6	86000000	87000000	16088
chr6	87000000	88000000	15621
chr6	88000000	89000000	16563
chr6	89000000	90000000	14338
chr6	90000000	91000000	15533
chr6	91000000	92000000	17372
chr6	92000000	93000000	13832
chr6	93000000	94000000	13497
chr6	94000000	95000000	15260
chr6	95000000	96000000	12628
chr6	96000000	97000000	12383
chr6	97000000	98000000	17935
chr6	98000000	99000000	14268
chr6	99000000	100000000	15458
chr6	100000000	101000000	14809
chr6	101000000	102000000	11907
chr6	102000000	103000000	10326
chr6	103000000	104000000	11218
chr6	104000000	105000000	10620
chr6	105000000	106000000	10101
chr6	106000000	107000000	14549
chr6	107000000	108000000	17004
chr6	108000000	109000000	23455
chr6	109000000	110000000	17391
chr6	110000000	111000000	17585
chr6	111000000	112000000	18140
chr6	112000000	113000000	25063
chr6	113000000	114000000	33927
chr6	114000000	115000000	14536
chr6	115000000	116000000	16294
chr6	116000000	117000000	13097
chr6	117000000	118000000	16762
chr6	118000000	119000000	20000
chr6	119000000	120000000	20306
chr6	120000000	121000000	23832
chr6	121000000	122000000	13816
chr6	122000000	123000000	12763
chr6	123000000	124000000	10044
chr6	124000000	125000000	17741
chr6	125000000	126000000	36298
chr6	126000000	127000000	17920
chr6	127000000	128000000	19560
chr6	128000000	129000000	23806
chr6	129000000	130000000	21768
chr6	130000000	131000000	12456
chr6	131000000	132000000	20508
chr6	132000000	133000000	16372
chr6	133000000	134000000	20481
chr6	134000000	135000000	23665
chr6	135000000	136000000	26314
chr6	136000000	137000000	23038
chr6	137000000	138000000	23209
chr6	138000000	139000000	20243
chr6	139000000	140000000	19396
chr6	140000000	141000000	25260
chr6	141000000	142000000	26776
chr6	142000000	143000000	25751
chr6	143000000	144000000	24680
chr6	144000000	145000000	24089
chr6	145000000	146000000	29495
chr6	146000000	147000000	28399
chr6	147000000	148000000	26942
chr6	148000000	149000000	24325
chr6	149000000	150000000	10243
chr7	0	1000000	0
chr7	1000000	2000000	0
chr7	2000000	3000000	0
chr7	3000000	4000000	9827
chr7	4000000	5000000	13753
chr7	5000000	6000000	8625
chr7	6000000	7000000	12888
chr7	7000000	8000000	3709
chr7	8000000	9000000	1134
chr7	9000000	10000000	730
chr7	10000000	11000000	8324
chr7	11000000	12000000	6983
chr7	12000000	13000000	11547
chr7	13000000	14000000	10399
chr7	14000000	15000000	8395
chr7	15000000	16000000	6206
chr7	16000000	17000000	15934
chr7	17000000	18000000	8241
chr7	18000000	19000000	10871
chr7	19000000	20000000	16846
chr7	20000000	21000000	1270
chr7	21000000	22000000	714
chr7	22000000	23000000	622
chr7	23000000	24000000	6072
chr7	24000000	25000000	15366
chr7	25000000	26000000	15474
chr7	26000000	27000000	9844
chr7	27000000	28000000	14864
chr7	28000000	29000000	15819
chr7	29000000	30000000	15340
chr7	30000000	31000000	15706
chr7	31000000	32000000	8291
chr7	32000000	33000000	1440
chr7	33000000	34000000	7575
chr7	34000000	35000000	15687
chr7	35000000	36000000	16120
chr7	36000000	37000000	12438
chr7	37000000	38000000	12900
chr7	38000000	39000000	6572
chr7	39000000	40000000	7378
chr7	40000000	41000000	12110
chr7	41000000	42000000	9548
chr7	42000000	43000000	8568
chr7	43000000	44000000	12624
chr7	44000000	45000000	15496
chr7	45000000	46000000	16963
chr7	46000000	47000000	16731
chr7	47000000	48000000	11580
chr7	48000000	49000000	12534
chr7	49000000	50000000	16680
chr7	50000000	51000000	11388
chr7	51000000	52000000	12966
chr7	52000000	53000000	11308
chr7	53000000	54000000	9672
chr7	54000000	55000000	10528
chr7	55000000	56000000	12038
chr7	56000000	57000000	13249
chr7	57000000	58000000	12099
chr7	58000000	59000000	12438
chr7	59000000	60000000	6712
chr7	60000000	61000000	8594
chr7	61000000	62000000	11544
chr7	62000000	63000000	11010
chr7	63000000	64000000	13259
chr7	64000000	65000000	15543
chr7	65000000	66000000	15938
chr7	66000000	67000000	16896
chr7	67000000	68000000	15489
chr7	68000000	69000000	13675
chr7	69000000	70000000	11997
chr7	70000000	71000000	12693
chr7	71000000	72000000	11812
chr7	72000000	73000000	12306
chr7	73000000	74000000	15009
chr7	74000000	75000000	12247
chr7	75000000	76000000	13160
chr7	76000000	77000000	10664
chr7	77000000	78000000	10849
chr7	78000000	79000000	13507
chr7	79000000	80000000	16442
chr7	80000000	81000000	17013
chr7	81000000	82000000	14787
chr7	82000000	83000000	12680
chr7	83000000	84000000	12601
chr7	84000000	85000000	13453
chr7	85000000	86000000	8355
chr7	86000000	87000000	9023
chr7	87000000	88000000	10744
chr7	88000000	89000000	11508
chr7	89000000	90000000	13866
chr7	90000000	91000000	13795
chr7	91000000	92000000	11733
chr7	92000000	93000000	12908
chr7	93000000	94000000	10783
chr7	94000000	95000000	10904
chr7	95000000	96000000	12447
chr7	96000000	97000000	14728
chr7	97000000	98000000	14992
chr7	98000000	99000000	16394
chr7	99000000	100000000	16266
chr7	100000000	101000000	17440
chr7	101000000	102000000	22391
chr7	102000000	103000000	18405
chr7	103000000	104000000	8422
chr7	104000000	105000000	9034
chr7	105000000	106000000	11912
chr7	106000000	107000000	6372
chr7	107000000	108000000	10662
chr7	108000000	109000000	10314
chr7	109000000	110000000	15227
chr7	110000000	111000000	16885
chr7	111000000	112000000	15209
chr7	112000000	113000000	16936
chr7	113000000	114000000	15663
chr7	114000000	115000000	14479
chr7	115000000	116000000	13405
chr7	116000000	117000000	12838
chr7	117000000	118000000	12352
chr7	118000000	119000000	13486
chr7	119000000	120000000	13538
chr7	120000000	121000000	14213
chr7	121000000	122000000	15063
chr7	122000000	123000000	14652
chr7	123000000	124000000	14346
chr7	124000000	125000000	12732
chr7	125000000	126000000	16272
chr7	126000000	127000000	17040
chr7	127000000	128000000	16668
chr7	128000000	129000000	13013
chr7	129000000	130000000	11049
chr7	130000000	131000000	15914
chr7	131000000	132000000	14389
chr7	132000000	133000000	15900
chr7	133000000	134000000	15642
chr7	134000000	135000000	15298
chr7	135000000	136000000	15225
chr7	136000000	137000000	12997
chr7	137000000	138000000	13244
chr7	138000000	139000000	14758
chr7	139000000	140000000	16380
chr7	140000000	141000000	14121
chr7	141000000	142000000	17594
chr7	142000000	143000000	15836
chr7	143000000	144000000	17741
chr7	144000000	145000000	17777
chr7	145000000	146000000	6200
chr8	0	1000000	0
chr8	1000000	2000000	0
chr8	2000000	3000000	0
chr8	3000000	4000000	19179
chr8	4000000	5000000	16298
chr8	5000000	6000000	13667
chr8	6000000	7000000	14170
chr8	7000000	8000000	15218
chr8	8000000	9000000	19871
chr8	9000000	10000000	15506
chr8	10000000	11000000	19521
chr8	11000000	12000000	24549
chr8	12000000	13000000	23039
chr8	13000000	14000000	27642
chr8	14000000	15000000	24720
chr8	15000000	16000000	16180
chr8	16000000	17000000	15927
chr8	17000000	18000000	18710
chr8	18000000	19000000	22202
chr8	19000000	20000000	13014
chr8	20000000	21000000	5835
chr8	21000000	22000000	6549
chr8	22000000	23000000	24156
chr8	23000000	24000000	21570
chr8	24000000	25000000	21566
chr8	25000000	26000000	26009
chr8	26000000	27000000	21546
chr8	27000000	28000000	19154
chr8	28000000	29000000	15868
chr8	29000000	30000000	14101
chr8	30000000	31000000	14938
chr8	31000000	32000000	19482
chr8	32000000	33000000	18714
chr8	33000000	34000000	18993
chr8	34000000	35000000	18673
chr8	35000000	36000000	19459
chr8	36000000	37000000	18899
chr8	37000000	38000000	13843
chr8	38000000	39000000	13934
chr8	39000000	40000000	14488
chr8	40000000	41000000	16241
chr8	41000000	42000000	16160
chr8	42000000	43000000	14228
chr8	43000000	44000000	14465
chr8	44000000	45000000	18644
chr8	45000000	46000000	21803
chr8	46000000	47000000	23115
chr8	47000000	48000000	20089
chr8	48000000	49000000	19264
chr8	49000000	50000000	16128
chr8	50000000	51000000	15425
chr8	51000000	52000000	13016
chr8	52000000	53000000	13348
chr8	53000000	54000000	16350
chr8	54000000	55000000	16299
chr8	55000000	56000000	9902
chr8	56000000	57000000	17214
chr8	57000000	58000000	19085
chr8	58000000	59000000	15368
chr8	59000000	60000000	14629
chr8	60000000	61000000	17217
chr8	61000000	62000000	23007
chr8	62000000	63000000	16117
chr8	63000000	64000000	15273
chr8	64000000	65000000	19648
chr8	65000000	66000000	16885
chr8	66000000	67000000	17515
chr8	67000000	68000000	18640
chr8	68000000	69000000	18050
chr8	69000000	70000000	16657
chr8	70000000	71000000	25944
chr8	71000000	72000000	18674
chr8	72000000	73000000	23873
chr8	73000000	74000000	18431
chr8	74000000	75000000	17414
chr8	75000000	76000000	19390
chr8	76000000	77000000	18675
chr8	77000000	78000000	22268
chr8	78000000	79000000	21762
chr8	79000000	80000000	26125
chr8	80000000	81000000	20344
chr8	81000000	82000000	18102
chr8	82000000	83000000	17968
chr8	83000000	84000000	20877
chr8	84000000	85000000	30678
chr8	85000000	86000000	23013
chr8	86000000	87000000	24160
chr8	87000000	88000000	22362
chr8	88000000	89000000	22363
chr8	89000000	90000000	17431
chr8	90000000	91000000	18778
chr8	91000000	92000000	22430
chr8	92000000	93000000	18702
chr8	93000000	94000000	19049
chr8	94000000	95000000	25364
chr8	95000000	96000000	24351
chr8	96000000	97000000	16444
chr8	97000000	98000000	15520
chr8	98000000	99000000	14603
chr8	99000000	100000000	15703
chr8	100000000	101000000	15124
chr8	101000000	102000000	15393
chr8	102000000	103000000	15457
chr8	103000000	104000000	17893
chr8	104000000	105000000	21453
chr8	105000000	106000000	30319
chr8	106000000	107000000	28310
chr8	107000000	108000000	22130
chr8	108000000	109000000	16593
chr8	109000000	110000000	19727
chr8	110000000	111000000	25869
chr8	111000000	112000000	28112
chr8	112000000	113000000	18348
chr8	113000000	114000000	19036
chr8	114000000	115000000	18534
chr8	115000000	116000000	21322
chr8	116000000	117000000	21151
chr8	117000000	118000000	23420
chr8	118000000	119000000	21876
chr8	119000000	120000000	24127
chr8	120000000	121000000	26966
chr8	121000000	122000000	23953
chr8	122000000	123000000	30820
chr8	123000000	124000000	24396
chr8	124000000	125000000	24341
chr8	125000000	126000000	25158
chr8	126000000	127000000	27688
chr8	127000000	128000000	23334
chr8	128000000	129000000	21535
chr8	129000000	130000000	4053
chr9	0	1000000	0
chr9	1000000	2000000	0
chr9	2000000	3000000	0
chr9	3000000	4000000	15250
chr9	4000000	5000000	13240
chr9	5000000	6000000	13249
chr9	6000000	7000000	15274
chr9	7000000	8000000	17103
chr9	8000000	9000000	15095
chr9	9000000	10000000	15130
chr9	10000000	11000000	14777
chr9	11000000	12000000	13561
chr9	12000000	13000000	14131
chr9	13000000	14000000	17977
chr9	14000000	15000000	20128
chr9	15000000	16000000	19479
chr9	16000000	17000000	14831
chr9	17000000	18000000	13167
chr9	18000000	19000000	13714
chr9	19000000	20000000	12067
chr9	20000000	21000000	18339
chr9	21000000	22000000	24049
chr9	22000000	23000000	20338
chr9	23000000	24000000	18781
chr9	24000000	25000000	17871
chr9	25000000	26000000	17963
chr9	26000000	27000000	16334
chr9	27000000	28000000	18996
chr9	28000000	29000000	17791
chr9	29000000	30000000	17097
chr9	30000000	31000000	17107
chr9	31000000	32000000	19350
chr9	32000000	33000000	18271
chr9	33000000	34000000	15838
chr9	34000000	35000000	20212
chr9	35000000	36000000	17967
chr9	36000000	37000000	14094
chr9	37000000	38000000	17423
chr9	38000000	39000000	12523
chr9	39000000	40000000	13649
chr9	40000000	41000000	15914
chr9	41000000	42000000	16646
chr9	42000000	43000000	18511
chr9	43000000	44000000	21291
chr9	44000000	45000000	20132
chr9	45000000	46000000	20343
chr9	46000000	47000000	21259
chr9	47000000	48000000	20492
chr9	48000000	49000000	17720
chr9	49000000	50000000	19405
chr9	50000000	51000000	20412
chr9	51000000	52000000	19119
chr9	52000000	53000000	17655
chr9	53000000	54000000	19593
chr9	54000000	55000000	20206
chr9	55000000	56000000	19304
chr9	56000000	57000000	22468
chr9	57000000	58000000	22784
chr9	58000000	59000000	22121
chr9	59000000	60000000	21112
chr9	60000000	61000000	20635
chr9	61000000	62000000	21314
chr9	62000000	63000000	20390
chr9	63000000	64000000	22487
chr9	64000000	65000000	22325
chr9	65000000	66000000	21412
chr9	66000000	67000000	21295
chr9	67000000	68000000	20059
chr9	68000000	69000000	16421
chr9	69000000	70000000	19740
chr9	70000000	71000000	20194
chr9	71000000	72000000	19170
chr9	72000000	73000000	20287
chr9	73000000	74000000	17599
chr9	74000000	75000000	17312
chr9	75000000	76000000	20771
chr9	76000000	77000000	16003
chr9	77000000	78000000	18257
chr9	78000000	79000000	18308
chr9	79000000	80000000	14933
chr9	80000000	81000000	15171
chr9	81000000	82000000	13396
chr9	82000000	83000000	15098
chr9	83000000	84000000	17128
chr9	84000000	85000000	15909
chr9	85000000	86000000	15906
chr9	86000000	87000000	17684
chr9	87000000	88000000	14842
chr9	88000000	89000000	12854
chr9	89000000	90000000	14674
chr9	90000000	91000000	15523
chr9	91000000	92000000	13253
chr9	92000000	93000000	16943
chr9	93000000	94000000	13526
chr9	94000000	95000000	15862
chr9	95000000	96000000	19645
chr9	96000000	97000000	21283
chr9	97000000	98000000	18311
chr9	98000000	99000000	19034
chr9	99000000	100000000	20866
chr9	100000000	101000000	18625
chr9	101000000	102000000	17130
chr9	102000000	103000000	20088
chr9	103000000	104000000	19296
chr9	104000000	105000000	15307
chr9	105000000	106000000	14409
chr9	106000000	107000000	18611
chr9	107000000	108000000	20035
chr9	108000000	109000000	22098
chr9	109000000	110000000	16207
chr9	110000000	111000000	21417
chr9	111000000	112000000	18062
chr9	112000000	113000000	15011
chr9	113000000	114000000	18501
chr9	114000000	115000000	17579
chr9	115000000	116000000	16543
chr9	116000000	117000000	19534
chr9	117000000	118000000	17294
chr9	118000000	119000000	19681
chr9	119000000	120000000	21491
chr9	120000000	121000000	21488
chr9	121000000	122000000	21209
chr9	122000000	123000000	20115
chr9	123000000	124000000	20286
chr9	124000000	125000000	5040
chr10	0	1000000	0
chr10	1000000	2000000	0
chr10	2000000	3000000	0
chr10	3000000	4000000	10237
chr10	4000000	5000000	13764
chr10	5000000	6000000	13567
chr10	6000000	7000000	10874
chr10	7000000	8000000	12030
chr10	8000000	9000000	13327
chr10	9000000	10000000	13178
chr10	10000000	11000000	11888
chr10	11000000	12000000	12463
chr10	12000000	13000000	14186
chr10	13000000	14000000	14259
chr10	14000000	15000000	13407
chr10	15000000	16000000	10168
chr10	16000000	17000000	12882
chr10	17000000	18000000	13738
chr10	18000000	19000000	14345
chr10	19000000	20000000	13784
chr10	20000000	21000000	14028
chr10	21000000	22000000	14802
chr10	22000000	23000000	8427
chr10	23000000	24000000	13044
chr10	24000000	25000000	14736
chr10	25000000	26000000	13976
chr10	26000000	27000000	13871
chr10	27000000	28000000	13172
chr10	28000000	29000000	13602
chr10	29000000	30000000	11660
chr10	30000000	31000000	12846
chr10	31000000	32000000	12829
chr10	32000000	33000000	10773
chr10	33000000	34000000	11154
chr10	34000000	35000000	12835
chr10	35000000	36000000	10429
chr10	36000000	37000000	11502
chr10	37000000	38000000	13005
chr10	38000000	39000000	11104
chr10	39000000	40000000	15864
chr10	40000000	41000000	15073
chr10	41000000	42000000	15565
chr10	42000000	43000000	14515
chr10	43000000	44000000	15491
chr10	44000000	45000000	13974
chr10	45000000	46000000	12797
chr10	46000000	47000000	10937
chr10	47000000	48000000	9785
chr10	48000000	49000000	9835
chr10	49000000	50000000	10721
chr10	50000000	51000000	11011
chr10	51000000	52000000	13572
chr10	52000000	53000000	12508
chr10	53000000	54000000	13116
chr10	54000000	55000000	12073
chr10	55000000	56000000	11081
chr10	56000000	57000000	12169
chr10	57000000	58000000	10541
chr10	58000000	59000000	11936
chr10	59000000	60000000	17169
chr10	60000000	61000000	17363
chr10	61000000	62000000	16962
chr10	62000000	63000000	16086
chr10	63000000	64000000	13228
chr10	64000000	65000000	12415
chr10	65000000	66000000	12001
chr10	66000000	67000000	13334
chr10	67000000	68000000	15142
chr10	68000000	69000000	13828
chr10	69000000	70000000	15608
chr10	70000000	71000000	14143
chr10	71000000	72000000	12754
chr10	72000000	73000000	12006
chr10	73000000	74000000	11611
chr10	74000000	75000000	12223
chr10	75000000	76000000	16619
chr10	76000000	77000000	16758
chr10	77000000	78000000	18241
chr10	78000000	79000000	14692
chr10	79000000	80000000	15079
chr10	80000000	81000000	19577
chr10	81000000	82000000	13556
chr10	82000000	83000000	13367
chr10	83000000	84000000	14661
chr10	84000000	85000000	15412
chr10	85000000	86000000	14509
chr10	86000000	87000000	15159
chr10	87000000	88000000	12636
chr10	88000000	89000000	13585
chr10	89000000	90000000	14944
chr10	90000000	91000000	13600
chr10	91000000	92000000	13645
chr10	92000000	93000000	11834
chr10	93000000	94000000	12702
chr10	94000000	95000000	14470
chr10	95000000	96000000	15717
chr10	96000000	97000000	14770
chr10	97000000	98000000	13044
chr10	98000000	99000000	13123
chr10	99000000	100000000	14575
chr10	100000000	101000000	11645
chr10	101000000	102000000	10618
chr10	102000000	103000000	11263
chr10	103000000	104000000	9881
chr10	104000000	105000000	8549
chr10	105000000	106000000	11266
chr10	106000000	107000000	10334
chr10	107000000	108000000	11810
chr10	108000000	109000000	13392
chr10	109000000	110000000	12221
chr10	110000000	111000000	13190
chr10	111000000	112000000	15529
chr10	112000000	113000000	11266
chr10	113000000	114000000	11254
chr10	114000000	115000000	10903
chr10	115000000	116000000	13626
chr10	116000000	117000000	14513
chr10	117000000	118000000	14961
chr10	118000000	119000000	10767
chr10	119000000	120000000	14046
chr10	120000000	121000000	15533
chr10	121000000	122000000	15179
chr10	122000000	123000000	12458
chr10	123000000	124000000	13442
chr10	124000000	125000000	11209
chr10	125000000	126000000	12215
chr10	126000000	127000000	13466
chr10	127000000	128000000	16785
chr10	128000000	129000000	16500
chr10	129000000	130000000	10704
chr10	130000000	131000000	6301
chr11	0	1000000	0
chr11	1000000	2000000	0
chr11	2000000	3000000	0
chr11	3000000	4000000	23666
chr11	4000000	5000000	17341
chr11	5000000	6000000	16477
chr11	6000000	7000000	15627
chr11	7000000	8000000	12751
chr11	8000000	9000000	15158
chr11	9000000	10000000	12296
chr11	10000000	11000000	9797
chr11	11000000	12000000	11842
chr11	12000000	13000000	11650
chr11	13000000	14000000	10021
chr11	14000000	15000000	9405
chr11	15000000	16000000	10241
chr11	16000000	17000000	11831
chr11	17000000	18000000	11023
chr11	18000000	19000000	9748
chr11	19000000	20000000	13544
chr11	20000000	21000000	16241
chr11	21000000	22000000	13229
chr11	22000000	23000000	15024
chr11	23000000	24000000	14845
chr11	24000000	25000000	12193
chr11	25000000	26000000	11323
chr11	26000000	27000000	11237
chr11	27000000	28000000	9692
chr11	28000000	29000000	12119
chr11	29000000	30000000	14045
chr11	30000000	31000000	14112
chr11	31000000	32000000	14389
chr11	32000000	33000000	17416
chr11	33000000	34000000	14912
chr11	34000000	35000000	11904
chr11	35000000	36000000	14806
chr11	36000000	37000000	13315
chr11	37000000	38000000	12095
chr11	38000000	39000000	11525
chr11	39000000	40000000	11611
chr11	40000000	41000000	11929
chr11	41000000	42000000	9793
chr11	42000000	43000000	11541
chr11	43000000	44000000	13653
chr11	44000000	45000000	13413
chr11	45000000	46000000	12499
chr11	46000000	47000000	11630
chr11	47000000	48000000	11777
chr11	48000000	49000000	12472
chr11	49000000	50000000	13403
chr11	50000000	51000000	16821
chr11	51000000	52000000	16173
chr11	52000000	53000000	15734
chr11	53000000	54000000	16327
chr11	54000000	55000000	16232
chr11	55000000	56000000	15387
chr11	56000000	57000000	13007
chr11	57000000	58000000	13259
chr11	58000000	59000000	12040
chr11	59000000	60000000	17844
chr11	60000000	61000000	16022
chr11	61000000	62000000	16748
chr11	62000000	63000000	16090
chr11	63000000	64000000	14366
chr11	64000000	65000000	13463
chr11	65000000	66000000	13652
chr11	66000000	67000000	12784
chr11	67000000	68000000	14500
chr11	68000000	69000000	16722
chr11	69000000	70000000	16728
chr11	70000000	71000000	16436
chr11	71000000	72000000	11424
chr11	72000000	73000000	16092
chr11	73000000	74000000	13194
chr11	74000000	75000000	15228
chr11	75000000	76000000	17737
chr11	76000000	77000000	16689
chr11	77000000	78000000	16604
chr11	78000000	79000000	17528
chr11	79000000	80000000	16954
chr11	80000000	81000000	17482
chr11	81000000	82000000	15344
chr11	82000000	83000000	15272
chr11	83000000	84000000	14507
chr11	84000000	85000000	16493
chr11	85000000	86000000	15711
chr11	86000000	87000000	15510
chr11	87000000	88000000	15716
chr11	88000000	89000000	13630
chr11	89000000	90000000	12159
chr11	90000000	91000000	12862
chr11	91000000	92000000	11533
chr11	92000000	93000000	10625
chr11	93000000	94000000	12941
chr11	94000000	95000000	16289
chr11	95000000	96000000	17257
chr11	96000000	97000000	14821
chr11	97000000	98000000	16872
chr11	98000000	99000000	16301
chr11	99000000	100000000	14730
chr11	100000000	101000000	17646
chr11	101000000	102000000	16593
chr11	102000000	103000000	16387
chr11	103000000	104000000	16231
chr11	104000000	105000000	14385
chr11	105000000	106000000	14357
chr11	106000000	107000000	16577
chr11	107000000	108000000	16564
chr11	108000000	109000000	14433
chr11	109000000	110000000	14980
chr11	110000000	111000000	13866
chr11	111000000	112000000	16788
chr11	112000000	113000000	17993
chr11	113000000	114000000	21411
chr11	114000000	115000000	18964
chr11	115000000	116000000	21632
chr11	116000000	117000000	23746
chr11	117000000	118000000	22633
chr11	118000000	119000000	24340
chr11	119000000	120000000	24833
chr11	120000000	121000000	24908
chr11	121000000	122000000	20294
chr11	122000000	123000000	0
chr12	0	1000000	0
chr12	1000000	2000000	0
chr12	2000000	3000000	0
chr12	3000000	4000000	9568
chr12	4000000	5000000	10533
chr12	5000000	6000000	9288
chr12	6000000	7000000	7325
chr12	7000000	8000000	8750
chr12	8000000	9000000	11016
chr12	9000000	10000000	9509
chr12	10000000	11000000	8693
chr12	11000000	12000000	7979
chr12	12000000	13000000	8591
chr12	13000000	14000000	9307
chr12	14000000	15000000	8393
chr12	15000000	16000000	8648
chr12	16000000	17000000	10692
chr12	17000000	18000000	10140
chr12	18000000	19000000	4032
chr12	19000000	20000000	3264
chr12	20000000	21000000	3562
chr12	21000000	22000000	7344
chr12	22000000	23000000	1406
chr12	23000000	24000000	1350
chr12	24000000	25000000	7330
chr12	25000000	26000000	9841
chr12	26000000	27000000	8778
chr12	27000000	28000000	8219
chr12	28000000	29000000	9871
chr12	29000000	30000000	10227
chr12	30000000	31000000	9258
chr12	31000000	32000000	10177
chr12	32000000	33000000	10097
chr12	33000000	34000000	9598
chr12	34000000	35000000	9026
chr12	35000000	36000000	9632
chr12	36000000	37000000	8965
chr12	37000000	38000000	7277
chr12	38000000	39000000	7414
chr12	39000000	40000000	8258
chr12	40000000	41000000	10239
chr12	41000000	42000000	8993
chr12	42000000	43000000	7550
chr12	43000000	44000000	7377
chr12	44000000	45000000	8418
chr12	45000000	46000000	8283
chr12	46000000	47000000	7169
chr12	47000000	48000000	6921
chr12	48000000	49000000	6928
chr12	49000000	50000000	8430
chr12	50000000	51000000	8749
chr12	51000000	52000000	10253
chr12	52000000	53000000	9882
chr12	53000000	54000000	9052
chr12	54000000	55000000	9753
chr12	55000000	56000000	8575
chr12	56000000	57000000	9368
chr12	57000000	58000000	9588
chr12	58000000	59000000	8512
chr12	59000000	60000000	8450
chr12	60000000	61000000	6963
chr12	61000000	62000000	7256
chr12	62000000	63000000	6709
chr12	63000000	64000000	7029
chr12	64000000	65000000	7841
chr12	65000000	66000000	8242
chr12	66000000	67000000	7425
chr12	67000000	68000000	7085
chr12	68000000	69000000	7660
chr12	69000000	70000000	11229
chr12	70000000	71000000	10654
chr12	71000000	72000000	9809
chr12	72000000	73000000	9202
chr12	73000000	74000000	10681
chr12	74000000	75000000	9236
chr12	75000000	76000000	10274
chr12	76000000	77000000	10839
chr12	77000000	78000000	9620
chr12	78000000	79000000	9709
chr12	79000000	80000000	11194
chr12	80000000	81000000	11509
chr12	81000000	82000000	10294
chr12	82000000	83000000	9392
chr12	83000000	84000000	10694
chr12	84000000	85000000	10888
chr12	85000000	86000000	11580
chr12	86000000	87000000	11367
chr12	87000000	88000000	7009
chr12	88000000	89000000	7467
chr12	89000000	90000000	9634
chr12	90000000	91000000	8853
chr12	91000000	92000000	9498
chr12	92000000	93000000	7576
chr12	93000000	94000000	6813
chr12	94000000	95000000	7022
chr12	95000000	96000000	7239
chr12	96000000	97000000	6866
chr12	97000000	98000000	7512
chr12	98000000	99000000	9653
chr12	99000000	100000000	10485
chr12	100000000	101000000	11863
chr12	101000000	102000000	8663
chr12	102000000	103000000	11126
chr12	103000000	104000000	9122
chr12	104000000	105000000	10198
chr12	105000000	106000000	10371
chr12	106000000	107000000	9531
chr12	107000000	108000000	9279
chr12	108000000	109000000	11603
chr12	109000000	110000000	9191
chr12	110000000	111000000	11753
chr12	111000000	112000000	12124
chr12	112000000	113000000	12262
chr12	113000000	114000000	7744
chr12	114000000	115000000	4438
chr12	115000000	116000000	3341
chr12	116000000	117000000	8827
chr12	117000000	118000000	9216
chr12	118000000	119000000	8640
chr12	119000000	120000000	7578
chr12	120000000	121000000	246
chr13	0	1000000	0
chr13	1000000	2000000	0
chr13	2000000	3000000	0
chr13	3000000	4000000	11160
chr13	4000000	5000000	10853
chr13	5000000	6000000	13248
chr13	6000000	7000000	12995
chr13	7000000	8000000	10632
chr13	8000000	9000000	12606
chr13	9000000	10000000	13990
chr13	10000000	11000000	11340
chr13	11000000	12000000	10734
chr13	12000000	13000000	15466
chr13	13000000	14000000	10567
chr13	14000000	15000000	12227
chr13	15000000	16000000	12914
chr13	16000000	17000000	12957
chr13	17000000	18000000	12690
chr13	18000000	19000000	12661
chr13	19000000	20000000	12038
chr13	20000000	21000000	12540
chr13	21000000	22000000	12339
chr13	22000000	23000000	8637
chr13	23000000	24000000	13008
chr13	24000000	25000000	15215
chr13	25000000	26000000	12579
chr13	26000000	27000000	11598
chr13	27000000	28000000	11260
chr13	28000000	29000000	13055
chr13	29000000	30000000	14345
chr13	30000000	31000000	14154
chr13	31000000	32000000	15170
chr13	32000000	33000000	20053
chr13	33000000	34000000	14036
chr13	34000000	35000000	21659
chr13	35000000	36000000	18299
chr13	36000000	37000000	20542
chr13	37000000	38000000	19405
chr13	38000000	39000000	19236
chr13	39000000	40000000	14720
chr13	40000000	41000000	16518
chr13	41000000	42000000	20634
chr13	42000000	43000000	18958
chr13	43000000	44000000	19430
chr13	44000000	45000000	17687
chr13	45000000	46000000	17503
chr13	46000000	47000000	17765
chr13	47000000	48000000	17669
chr13	48000000	49000000	20728
chr13	49000000	50000000	21010
chr13	50000000	51000000	10192
chr13	51000000	52000000	20082
chr13	52000000	53000000	21539
chr13	53000000	54000000	17663
chr13	54000000	55000000	21244
chr13	55000000	56000000	22088
chr13	56000000	57000000	20705
chr13	57000000	58000000	18760
chr13	58000000	59000000	19651
chr13	59000000	60000000	20436
chr13	60000000	61000000	15960
chr13	61000000	62000000	7910
chr13	62000000	63000000	12955
chr13	63000000	64000000	19399
chr13	64000000	65000000	14693
chr13	65000000	66000000	5765
chr13	66000000	67000000	4466
chr13	67000000	68000000	11808
chr13	68000000	69000000	8128
chr13	69000000	70000000	15362
chr13	70000000	71000000	17211
chr13	71000000	72000000	16497
chr13	72000000	73000000	18946
chr13	73000000	74000000	22190
chr13	74000000	75000000	17221
chr13	75000000	76000000	11963
chr13	76000000	77000000	10395
chr13	77000000	78000000	10653
chr13	78000000	79000000	11119
chr13	79000000	80000000	10737
chr13	80000000	81000000	11101
chr13	81000000	82000000	13175
chr13	82000000	83000000	10476
chr13	83000000	84000000	11202
chr13	84000000	85000000	10059
chr13	85000000	86000000	10858
chr13	86000000	87000000	8593
chr13	87000000	88000000	9058
chr13	88000000	89000000	11268
chr13	89000000	90000000	12330
chr13	90000000	91000000	13589
chr13	91000000	92000000	14345
chr13	92000000	93000000	13125
chr13	93000000	94000000	13678
chr13	94000000	95000000	15537
chr13	95000000	96000000	14198
chr13	96000000	97000000	13842
chr13	97000000	98000000	15324
chr13	98000000	99000000	15276
chr13	99000000	100000000	13931
chr13	100000000	101000000	14118
chr13	101000000	102000000	13861
chr13	102000000	103000000	12398
chr13	103000000	104000000	13374
chr13	104000000	105000000	14041
chr13	105000000	106000000	11300
chr13	106000000	107000000	11167
chr13	107000000	108000000	14460
chr13	108000000	109000000	13958
chr13	109000000	110000000	14886
chr13	110000000	111000000	13792
chr13	111000000	112000000	13297
chr13	112000000	113000000	15281
chr13	113000000	114000000	13325
chr13	114000000	115000000	14329
chr13	115000000	116000000	11796
chr13	116000000	117000000	11263
chr13	117000000	118000000	11843
chr13	118000000	119000000	11902
chr13	119000000	120000000	8126
chr13	120000000	121000000	594
chr14	0	1000000	0
chr14	1000000	2000000	0
chr14	2000000	3000000	0
chr14	3000000	4000000	324
chr14	4000000	5000000	1128
chr14	5000000	6000000	1172
chr14	6000000	7000000	1791
chr14	7000000	8000000	4647
chr14	8000000	9000000	10601
chr14	9000000	10000000	9194
chr14	10000000	11000000	9023
chr14	11000000	12000000	10442
chr14	12000000	13000000	11153
chr14	13000000	14000000	9650
chr14	14000000	15000000	9739
chr14	15000000	16000000	8621
chr14	16000000	17000000	10531
chr14	17000000	18000000	10108
chr14	18000000	19000000	11170
chr14	19000000	20000000	9338
chr14	20000000	21000000	15441
chr14	21000000	22000000	14755
chr14	22000000	23000000	13287
chr14	23000000	24000000	13566
chr14	24000000	25000000	14181
chr14	25000000	26000000	14382
chr14	26000000	27000000	10329
chr14	27000000	28000000	13857
chr14	28000000	29000000	11982
chr14	29000000	30000000	12502
chr14	30000000	31000000	15642
chr14	31000000	32000000	15764
chr14	32000000	33000000	14685
chr14	33000000	34000000	12154
chr14	34000000	35000000	12679
chr14	35000000	36000000	9463
chr14	36000000	37000000	10317
chr14	37000000	38000000	10115
chr14	38000000	39000000	10392
chr14	39000000	40000000	9965
chr14	40000000	41000000	11164
chr14	41000000	42000000	4632
chr14	42000000	43000000	1344
chr14	43000000	44000000	4543
chr14	44000000	45000000	6631
chr14	45000000	46000000	12612
chr14	46000000	47000000	12724
chr14	47000000	48000000	13436
chr14	48000000	49000000	12278
chr14	49000000	50000000	10338
chr14	50000000	51000000	8966
chr14	51000000	52000000	7382
chr14	52000000	53000000	7864
chr14	53000000	54000000	3522
chr14	54000000	55000000	12819
chr14	55000000	56000000	14313
chr14	56000000	57000000	13138
chr14	57000000	58000000	15512
chr14	58000000	59000000	12688
chr14	59000000	60000000	12730
chr14	60000000	61000000	14199
chr14	61000000	62000000	12816
chr14	62000000	63000000	14118
chr14	63000000	64000000	14815
chr14	64000000	65000000	15019
chr14	65000000	66000000	15186
chr14	66000000	67000000	13921
chr14	67000000	68000000	13063
chr14	68000000	69000000	10649
chr14	69000000	70000000	7088
chr14	70000000	71000000	14138
chr14	71000000	72000000	9998
chr14	72000000	73000000	11453
chr14	73000000	74000000	12461
chr14	74000000	75000000	12324
chr14	75000000	76000000	14587
chr14	76000000	77000000	14703
chr14	77000000	78000000	13031
chr14	78000000	79000000	13497
chr14	79000000	80000000	13934
chr14	80000000	81000000	10710
chr14	81000000	82000000	9402
chr14	82000000	83000000	9299
chr14	83000000	84000000	8142
chr14	84000000	85000000	7861
chr14	85000000	86000000	8151
chr14	86000000	87000000	11145
chr14	87000000	88000000	11328
chr14	88000000	89000000	9852
chr14	89000000	90000000	9830
chr14	90000000	91000000	9336
chr14	91000000	92000000	9350
chr14	92000000	93000000	9399
chr14	93000000	94000000	10377
chr14	94000000	95000000	9878
chr14	95000000	96000000	10124
chr14	96000000	97000000	11965
chr14	97000000	98000000	10066
chr14	98000000	99000000	10794
chr14	99000000	100000000	12930
chr14	100000000	101000000	11571
chr14	101000000	102000000	12850
chr14	102000000	103000000	11486
chr14	103000000	104000000	11908
chr14	104000000	105000000	9316
chr14	105000000	106000000	11852
chr14	106000000	107000000	10002
chr14	107000000	108000000	9182
chr14	108000000	109000000	10376
chr14	109000000	110000000	8360
chr14	110000000	111000000	7100
chr14	111000000	112000000	8443
chr14	112000000	113000000	8831
chr14	113000000	114000000	9557
chr14	114000000	115000000	10194
chr14	115000000	116000000	10907
chr14	116000000	117000000	10711
chr14	117000000	118000000	12097
chr14	118000000	119000000	12350
chr14	119000000	120000000	11476
chr14	120000000	121000000	13636
chr14	121000000	122000000	15611
chr14	122000000	123000000	13631
chr14	123000000	124000000	10626
chr14	124000000	125000000	7774
chr15	0	1000000	0
chr15	1000000	2000000	0
chr15	2000000	3000000	0
chr15	3000000	4000000	14282
chr15	4000000	5000000	14655
chr15	5000000	6000000	15999
chr15	6000000	7000000	16502
chr15	7000000	8000000	18402
chr15	8000000	9000000	19060
chr15	9000000	10000000	14639
chr15	10000000	11000000	16756
chr15	11000000	12000000	16285
chr15	12000000	13000000	17942
chr15	13000000	14000000	13560
chr15	14000000	15000000	12052
chr15	15000000	16000000	12674
chr15	16000000	17000000	12285
chr15	17000000	18000000	10126
chr15	18000000	19000000	10573
chr15	19000000	20000000	8766
chr15	20000000	21000000	9991
chr15	21000000	22000000	12127
chr15	22000000	23000000	12690
chr15	23000000	24000000	13366
chr15	24000000	25000000	12964
chr15	25000000	26000000	17041
chr15	26000000	27000000	16457
chr15	27000000	28000000	18558
chr15	28000000	29000000	15098
chr15	29000000	30000000	12848
chr15	30000000	31000000	13118
chr15	31000000	32000000	14337
chr15	32000000	33000000	14020
chr15	33000000	34000000	10659
chr15	34000000	35000000	15480
chr15	35000000	36000000	14396
chr15	36000000	37000000	15924
chr15	37000000	38000000	17099
chr15	38000000	39000000	15321
chr15	39000000	40000000	14767
chr15	40000000	41000000	15026
chr15	41000000	42000000	14793
chr15	42000000	43000000	12244
chr15	43000000	44000000	12966
chr15	44000000	45000000	14715
chr15	45000000	46000000	13184
chr15	46000000	47000000	11610
chr15	47000000	48000000	12040
chr15	48000000	49000000	12843
chr15	49000000	50000000	11721
chr15	50000000	51000000	13754
chr15	51000000	52000000	16364
chr15	52000000	53000000	14729
chr15	53000000	54000000	16944
chr15	54000000	55000000	16742
chr15	55000000	56000000	17573
chr15	56000000	57000000	14154
chr15	57000000	58000000	16757
chr15	58000000	59000000	20863
chr15	59000000	60000000	20701
chr15	60000000	61000000	19270
chr15	61000000	62000000	22866
chr15	62000000	63000000	22733
chr15	63000000	64000000	16274
chr15	64000000	65000000	19660
chr15	65000000	66000000	14925
chr15	66000000	67000000	19060
chr15	67000000	68000000	16946
chr15	68000000	69000000	17377
chr15	69000000	70000000	17012
chr15	70000000	71000000	14489
chr15	71000000	72000000	16852
chr15	72000000	73000000	19557
chr15	73000000	74000000	21108
chr15	74000000	75000000	19668
chr15	75000000	76000000	19226
chr15	76000000	77000000	23092
chr15	77000000	78000000	18349
chr15	78000000	79000000	20930
chr15	79000000	80000000	21796
chr15	80000000	81000000	21016
chr15	81000000	82000000	22069
chr15	82000000	83000000	18635
chr15	83000000	84000000	21246
chr15	84000000	85000000	20117
chr15	85000000	86000000	21749
chr15	86000000	87000000	20022
chr15	87000000	88000000	17457
chr15	88000000	89000000	19760
chr15	89000000	90000000	18480
chr15	90000000	91000000	15953
chr15	91000000	92000000	16000
chr15	92000000	93000000	14351
chr15	93000000	94000000	16231
chr15	94000000	95000000	16418
chr15	95000000	96000000	17173
chr15	96000000	97000000	18116
chr15	97000000	98000000	17578
chr15	98000000	99000000	20167
chr15	99000000	100000000	20127
chr15	100000000	101000000	18555
chr15	101000000	102000000	20414
chr15	102000000	103000000	20641
chr15	103000000	104000000	15515
chr15	104000000	105000000	0
chr16	0	1000000	0
chr16	1000000	2000000	0
chr16	2000000	3000000	0
chr16	3000000	4000000	10144
chr16	4000000	5000000	17297
chr16	5000000	6000000	14680
chr16	6000000	7000000	12445
chr16	7000000	8000000	11552
chr16	8000000	9000000	14611
chr16	9000000	10000000	14150
chr16	10000000	11000000	16566
chr16	11000000	12000000	15886
chr16	12000000	13000000	13428
chr16	13000000	14000000	15966
chr16	14000000	15000000	14207
chr16	15000000	16000000	13449
chr16	16000000	17000000	13992
chr16	17000000	18000000	18013
chr16	18000000	19000000	18056
chr16	19000000	20000000	11144
chr16	20000000	21000000	15272
chr16	21000000	22000000	14833
chr16	22000000	23000000	14467
chr16	23000000	24000000	14557
chr16	24000000	25000000	16657
chr16	25000000	26000000	15387
chr16	26000000	27000000	12981
chr16	27000000	28000000	11427
chr16	28000000	29000000	12305
chr16	29000000	30000000	13557
chr16	30000000	31000000	15757
chr16	31000000	32000000	16139
chr16	32000000	33000000	16412
chr16	33000000	34000000	17385
chr16	34000000	35000000	17049
chr16	35000000	36000000	16554
chr16	36000000	37000000	12370
chr16	37000000	38000000	13569
chr16	38000000	39000000	14425
chr16	39000000	40000000	11150
chr16	40000000	41000000	11069
chr16	41000000	42000000	11444
chr16	42000000	43000000	13395
chr16	43000000	44000000	14792
chr16	44000000	45000000	13113
chr16	45000000	46000000	13333
chr16	46000000	47000000	12195
chr16	47000000	48000000	9904
chr16	48000000	49000000	10709
chr16	49000000	50000000	13818
chr16	50000000	51000000	14276
chr16	51000000	52000000	11295
chr16	52000000	53000000	12950
chr16	53000000	54000000	10366
chr16	54000000	55000000	10378
chr16	55000000	56000000	13102
chr16	56000000	57000000	12615
chr16	57000000	58000000	14429
chr16	58000000	59000000	12534
chr16	59000000	60000000	10993
chr16	60000000	61000000	10125
chr16	61000000	62000000	9810
chr16	62000000	63000000	10826
chr16	63000000	64000000	10563
chr16	64000000	65000000	10851
chr16	65000000	66000000	11362
chr16	66000000	67000000	10025
chr16	67000000	68000000	10615
chr16	68000000	69000000	9756
chr16	69000000	70000000	10112
chr16	70000000	71000000	10473
chr16	71000000	72000000	9846
chr16	72000000	73000000	10396
chr16	73000000	74000000	10917
chr16	74000000	75000000	10399
chr16	75000000	76000000	11902
chr16	76000000	77000000	12020
chr16	77000000	78000000	12355
chr16	78000000	79000000	11493
chr16	79000000	80000000	10745
chr16	80000000	81000000	9934
chr16	81000000	82000000	10687
chr16	82000000	83000000	9743
chr16	83000000	84000000	10016
chr16	84000000	85000000	12145
chr16	85000000	86000000	12864
chr16	86000000	87000000	12155
chr16	87000000	88000000	12978
chr16	88000000	89000000	11026
chr16	89000000	90000000	10831
chr16	90000000	91000000	14466
chr16	91000000	92000000	16292
chr16	92000000	93000000	15780
chr16	93000000	94000000	14319
chr16	94000000	95000000	15338
chr16	95000000	96000000	15531
chr16	96000000	97000000	14667
chr16	97000000	98000000	16160
chr16	98000000	99000000	1226
chr17	0	1000000	0
chr17	1000000	2000000	0
chr17	2000000	3000000	0
chr17	3000000	4000000	18969
chr17	4000000	5000000	16827
chr17	5000000	6000000	20443
chr17	6000000	7000000	12981
chr17	7000000	8000000	12936
chr17	8000000	9000000	16170
chr17	9000000	10000000	17685
chr17	10000000	11000000	20107
chr17	11000000	12000000	18072
chr17	12000000	13000000	20315
chr17	13000000	14000000	11401
chr17	14000000	15000000	20436
chr17	15000000	16000000	18911
chr17	16000000	17000000	14975
chr17	17000000	18000000	14992
chr17	18000000	19000000	11440
chr17	19000000	20000000	11898
chr17	20000000	21000000	13433
chr17	21000000	22000000	15321
chr17	22000000	23000000	12146
chr17	23000000	24000000	12803
chr17	24000000	25000000	21450
chr17	25000000	26000000	22982
chr17	26000000	27000000	22718
chr17	27000000	28000000	25903
chr17	28000000	29000000	23553
chr17	29000000	30000000	21949
chr17	30000000	31000000	20429
chr17	31000000	32000000	21125
chr17	32000000	33000000	20859
chr17	33000000	34000000	17682
chr17	34000000	35000000	20289
chr17	35000000	36000000	20521
chr17	36000000	37000000	14970
chr17	37000000	38000000	14365
chr17	38000000	39000000	13418
chr17	39000000	40000000	14270
chr17	40000000	41000000	10070
chr17	41000000	42000000	11854
chr17	42000000	43000000	15374
chr17	43000000	44000000	18574
chr17	44000000	45000000	20024
chr17	45000000	46000000	21073
chr17	46000000	47000000	22376
chr17	47000000	48000000	20857
chr17	48000000	49000000	17350
chr17	49000000	50000000	17161
chr17	50000000	51000000	18105
chr17	51000000	52000000	16632
chr17	52000000	53000000	14753
chr17	53000000	54000000	14564
chr17	54000000	55000000	14061
chr17	55000000	56000000	15862
chr17	56000000	57000000	31277
chr17	57000000	58000000	18312
chr17	58000000	59000000	13190
chr17	59000000	60000000	14778
chr17	60000000	61000000	14292
chr17	61000000	62000000	14557
chr17	62000000	63000000	17467
chr17	63000000	64000000	18450
chr17	64000000	65000000	18874
chr17	65000000	66000000	19880
chr17	66000000	67000000	21121
chr17	67000000	68000000	18622
chr17	68000000	69000000	14608
chr17	69000000	70000000	15424
chr17	70000000	71000000	18424
chr17	71000000	72000000	20606
chr17	72000000	73000000	17228
chr17	73000000	74000000	18003
chr17	74000000	75000000	16384
chr17	75000000	76000000	15456
chr17	76000000	77000000	13356
chr17	77000000	78000000	14715
chr17	78000000	79000000	17833
chr17	79000000	80000000	18199
chr17	80000000	81000000	20720
chr17	81000000	82000000	14842
chr17	82000000	83000000	14370
chr17	83000000	84000000	19549
chr17	84000000	85000000	21985
chr17	85000000	86000000	18246
chr17	86000000	87000000	20512
chr17	87000000	88000000	19133
chr17	88000000	89000000	17865
chr17	89000000	90000000	14078
chr17	90000000	91000000	15434
chr17	91000000	92000000	13436
chr17	92000000	93000000	11874
chr17	93000000	94000000	15520
chr17	94000000	95000000	13320
chr18	0	1000000	0
chr18	1000000	2000000	0
chr18	2000000	3000000	0
chr18	3000000	4000000	11352
chr18	4000000	5000000	13699
chr18	5000000	6000000	13987
chr18	6000000	7000000	12998
chr18	7000000	8000000	12492
chr18	8000000	9000000	10920
chr18	9000000	10000000	11941
chr18	10000000	11000000	12716
chr18	11000000	12000000	10972
chr18	12000000	13000000	12243
chr18	13000000	14000000	11272
chr18	14000000	15000000	12655
chr18	15000000	16000000	11795
chr18	16000000	17000000	11619
chr18	17000000	18000000	9848
chr18	18000000	19000000	9657
chr18	19000000	20000000	10376
chr18	20000000	21000000	12864
chr18	21000000	22000000	12733
chr18	22000000	23000000	11152
chr18	23000000	24000000	13783
chr18	24000000	25000000	15313
chr18	25000000	26000000	14700
chr18	26000000	27000000	11577
chr18	27000000	28000000	10739
chr18	28000000	29000000	10584
chr18	29000000	30000000	11025
chr18	30000000	31000000	11254
chr18	31000000	32000000	13695
chr18	32000000	33000000	14829
chr18	33000000	34000000	12007
chr18	34000000	35000000	16131
chr18	35000000	36000000	16976
chr18	36000000	37000000	15882
chr18	37000000	38000000	12242
chr18	38000000	39000000	16221
chr18	39000000	40000000	16477
chr18	40000000	41000000	12700
chr18	41000000	42000000	11144
chr18	42000000	43000000	13998
chr18	43000000	44000000	12694
chr18	44000000	45000000	13416
chr18	45000000	46000000	11330
chr18	46000000	47000000	14065
chr18	47000000	48000000	12060
chr18	48000000	49000000	10556
chr18	49000000	50000000	12901
chr18	50000000	51000000	11672
chr18	51000000	52000000	11196
chr18	52000000	53000000	11942
chr18	53000000	54000000	14491
chr18	54000000	55000000	12642
chr18	55000000	56000000	12675
chr18	56000000	57000000	13380
chr18	57000000	58000000	14673
chr18	58000000	59000000	12609
chr18	59000000	60000000	9752
chr18	60000000	61000000	13406
chr18	61000000	62000000	16189
chr18	62000000	63000000	14446
chr18	63000000	64000000	13712
chr18	64000000	65000000	15363
chr18	65000000	66000000	14261
chr18	66000000	67000000	11846
chr18	67000000	68000000	15771
chr18	68000000	69000000	13530
chr18	69000000	70000000	13453
chr18	70000000	71000000	12697
chr18	71000000	72000000	10979
chr18	72000000	73000000	9880
chr18	73000000	74000000	12939
chr18	74000000	75000000	13517
chr18	75000000	76000000	16629
chr18	76000000	77000000	13447
chr18	77000000	78000000	13437
chr18	78000000	79000000	15068
chr18	79000000	80000000	11889
chr18	80000000	81000000	16101
chr18	81000000	82000000	13178
chr18	82000000	83000000	13760
chr18	83000000	84000000	13443
chr18	84000000	85000000	14107
chr18	85000000	86000000	10267
chr18	86000000	87000000	10472
chr18	87000000	88000000	9674
chr18	88000000	89000000	11599
chr18	89000000	90000000	10981
chr18	90000000	91000000	5649
chr19	0	1000000	0
chr19	1000000	2000000	0
chr19	2000000	3000000	0
chr19	3000000	4000000	23863
chr19	4000000	5000000	27982
chr19	5000000	6000000	28454
chr19	6000000	7000000	25219
chr19	7000000	8000000	24242
chr19	8000000	9000000	20266
chr19	9000000	10000000	17186
chr19	10000000	11000000	28950
chr19	11000000	12000000	21233
chr19	12000000	13000000	20157
chr19	13000000	14000000	16910
chr19	14000000	15000000	20315
chr19	15000000	16000000	21227
chr19	16000000	17000000	24185
chr19	17000000	18000000	20878
chr19	18000000	19000000	19461
chr19	19000000	20000000	18480
chr19	20000000	21000000	19376
chr19	21000000	22000000	20678
chr19	22000000	23000000	21482
chr19	23000000	24000000	21340
chr19	24000000	25000000	24736
chr19	25000000	26000000	22714
chr19	26000000	27000000	19705
chr19	27000000	28000000	22787
chr19	28000000	29000000	23196
chr19	29000000	30000000	23769
chr19	30000000	31000000	19862
chr19	31000000	32000000	19337
chr19	32000000	33000000	22992
chr19	33000000	34000000	16913
chr19	34000000	35000000	21866
chr19	35000000	36000000	19731
chr19	36000000	37000000	24430
chr19	37000000	38000000	25668
chr19	38000000	39000000	24087
chr19	39000000	40000000	12287
chr19	40000000	41000000	21452
chr19	41000000	42000000	25792
chr19	42000000	43000000	25540
chr19	43000000	44000000	23539
chr19	44000000	45000000	24476
chr19	45000000	46000000	24029
chr19	46000000	47000000	27088
chr19	47000000	48000000	24539
chr19	48000000	49000000	20274
chr19	49000000	50000000	18183
chr19	50000000	51000000	17755
chr19	51000000	52000000	16799
chr19	52000000	53000000	19061
chr19	53000000	54000000	25579
chr19	54000000	55000000	22898
chr19	55000000	56000000	26638
chr19	56000000	57000000	24962
chr19	57000000	58000000	22973
chr19	58000000	59000000	19580
chr19	59000000	60000000	17656
chr19	60000000	61000000	17965
chr19	61000000	62000000	5552
chrX	0	1000000	0
chrX	1000000	2000000	0
chrX	2000000	3000000	0
chrX	3000000	4000000	1274
chrX	4000000	5000000	1062
chrX	5000000	6000000	4552
chrX	6000000	7000000	8304
chrX	7000000	8000000	10656
chrX	8000000	9000000	7846
chrX	9000000	10000000	7446
chrX	10000000	11000000	8522
chrX	11000000	12000000	9032
chrX	12000000	13000000	9718
chrX	13000000	14000000	9006
chrX	14000000	15000000	7257
chrX	15000000	16000000	6461
chrX	16000000	17000000	7827
chrX	17000000	18000000	7817
chrX	18000000	19000000	7512
chrX	19000000	20000000	8298
chrX	20000000	21000000	9557
chrX	21000000	22000000	7501
chrX	22000000	23000000	6578
chrX	23000000	24000000	7288
chrX	24000000	25000000	2724
chrX	25000000	26000000	1466
chrX	26000000	27000000	1732
chrX	27000000	28000000	54
chrX	28000000	29000000	118
chrX	29000000	30000000	450
chrX	30000000	31000000	90
chrX	31000000	32000000	2866
chrX	32000000	33000000	1201
chrX	33000000	34000000	1517
chrX	34000000	35000000	510
chrX	35000000	36000000	3624
chrX	36000000	37000000	9350
chrX	37000000	38000000	5127
chrX	38000000	39000000	8783
chrX	39000000	40000000	6771
chrX	40000000	41000000	6655
chrX	41000000	42000000	7692
chrX	42000000	43000000	8341
chrX	43000000	44000000	6844
chrX	44000000	45000000	6202
chrX	45000000	46000000	6207
chrX	46000000	47000000	6712
chrX	47000000	48000000	7797
chrX	48000000	49000000	9451
chrX	49000000	50000000	7382
chrX	50000000	51000000	6776
chrX	51000000	52000000	7959
chrX	52000000	53000000	8561
chrX	53000000	54000000	7814
chrX	54000000	55000000	1442
chrX	55000000	56000000	2746
chrX	56000000	57000000	7731
chrX	57000000	58000000	7962
chrX	58000000	59000000	7188
chrX	59000000	60000000	7786
chrX	60000000	61000000	7928
chrX	61000000	62000000	6747
chrX	62000000	63000000	6031
chrX	63000000	64000000	6471
chrX	64000000	65000000	6680
chrX	65000000	66000000	6410
chrX	66000000	67000000	6484
chrX	67000000	68000000	6254
chrX	68000000	69000000	7082
chrX	69000000	70000000	7849
chrX	70000000	71000000	7371
chrX	71000000	72000000	9161
chrX	72000000	73000000	8109
chrX	73000000	74000000	8983
chrX	74000000	75000000	7837
chrX	75000000	76000000	8328
chrX	76000000	77000000	6874
chrX	77000000	78000000	8260
chrX	78000000	79000000	6715
chrX	79000000	80000000	6565
chrX	80000000	81000000	5860
chrX	81000000	82000000	6295
chrX	82000000	83000000	6692
chrX	83000000	84000000	7407
chrX	84000000	85000000	6942
chrX	85000000	86000000	8202
chrX	86000000	87000000	7566
chrX	87000000	88000000	7176
chrX	88000000	89000000	7293
chrX	89000000	90000000	6392
chrX	90000000	91000000	6151
chrX	91000000	92000000	4706
chrX	92000000	93000000	7036
chrX	93000000	94000000	9170
chrX	94000000	95000000	7508
chrX	95000000	96000000	7824
chrX	96000000	97000000	7842
chrX	97000000	98000000	6991
chrX	98000000	99000000	8069
chrX	99000000	100000000	9052
chrX	100000000	101000000	8795
chrX	101000000	102000000	10023
chrX	102000000	103000000	8600
chrX	103000000	104000000	8921
chrX	104000000	105000000	8234
chrX	105000000	106000000	8393
chrX	106000000	107000000	8046
chrX	107000000	108000000	7315
chrX	108000000	109000000	7311
chrX	109000000	110000000	6609
chrX	110000000	111000000	6233
chrX	111000000	112000000	6028
chrX	112000000	113000000	7075
chrX	113000000	114000000	6917
chrX	114000000	115000000	6120
chrX	115000000	116000000	6370
chrX	116000000	117000000	6606
chrX	117000000	118000000	6304
chrX	118000000	119000000	6283
chrX	119000000	120000000	5994
chrX	120000000	121000000	6373
chrX	121000000	122000000	6309
chrX	122000000	123000000	6183
chrX	123000000	124000000	1096
chrX	124000000	125000000	802
chrX	125000000	126000000	16
chrX	126000000	127000000	5026
chrX	127000000	128000000	6504
chrX	128000000	129000000	6214
chrX	129000000	130000000	7627
chrX	130000000	131000000	7873
chrX	131000000	132000000	7092
chrX	132000000	133000000	6610
chrX	133000000	134000000	7295
chrX	134000000	135000000	9017
chrX	135000000	136000000	5224
chrX	136000000	137000000	6861
chrX	137000000	138000000	7465
chrX	138000000	139000000	7024
chrX	139000000	140000000	9029
chrX	140000000	141000000	9891
chrX	141000000	142000000	6984
chrX	142000000	143000000	8864
chrX	143000000	144000000	9322
chrX	144000000	145000000	7118
chrX	145000000	146000000	6867
chrX	146000000	147000000	6717
chrX	147000000	148000000	5684
chrX	148000000	149000000	702
chrX	149000000	150000000	818
chrX	150000000	151000000	7103
chrX	151000000	152000000	8901
chrX	152000000	153000000	8554
chrX	153000000	154000000	8406
chrX	154000000	155000000	6142
chrX	155000000	156000000	7474
chrX	156000000	157000000	7436
chrX	157000000	158000000	8768
chrX	158000000	159000000	7647
chrX	159000000	160000000	9032
chrX	160000000	161000000	9089
chrX	161000000	162000000	7694
chrX	162000000	163000000	8494
chrX	163000000	164000000	8846
chrX	164000000	165000000	8584
chrX	165000000	166000000	7091
chrX	166000000	167000000	9323
chrX	167000000	168000000	8728
chrX	168000000	169000000	8047
chrX	169000000	170000000	8393
chrX	170000000	171000000	130
chrX	171000000	172000000	0
chrY	0	1000000	0
chrY	1000000	2000000	0
chrY	2000000	3000000	0
chrY	3000000	4000000	0
chrY	4000000	5000000	0
chrY	5000000	6000000	0
chrY	6000000	7000000	0
chrY	7000000	8000000	0
chrY	8000000	9000000	0
chrY	9000000	10000000	0
chrY	10000000	11000000	0
chrY	11000000	12000000	0
chrY	12000000	13000000	0
chrY	13000000	14000000	0
chrY	14000000	15000000	0
chrY	15000000	16000000	0
chrY	16000000	17000000	0
chrY	17000000	18000000	0
chrY	18000000	19000000	0
chrY	19000000	20000000	0
chrY	20000000	21000000	0
chrY	21000000	22000000	0
chrY	22000000	23000000	0
chrY	23000000	24000000	0
chrY	24000000	25000000	0
chrY	25000000	26000000	0
chrY	26000000	27000000	0
chrY	27000000	28000000	0
chrY	28000000	29000000	0
chrY	29000000	30000000	0
chrY	30000000	31000000	0
chrY	31000000	32000000	0
chrY	32000000	33000000	0
chrY	33000000	34000000	0
chrY	34000000	35000000	0
chrY	35000000	36000000	0
chrY	36000000	37000000	0
chrY	37000000	38000000	0
chrY	38000000	39000000	0
chrY	39000000	40000000	0
chrY	40000000	41000000	0
chrY	41000000	42000000	0
chrY	42000000	43000000	0
chrY	43000000	44000000	0
chrY	44000000	45000000	0
chrY	45000000	46000000	0
chrY	46000000	47000000	0
chrY	47000000	48000000	0
chrY	48000000	49000000	0
chrY	49000000	50000000	0
chrY	50000000	51000000	0
chrY	51000000	52000000	0
chrY	52000000	53000000	0
chrY	53000000	54000000	0
chrY	54000000	55000000	0
chrY	55000000	56000000	0
chrY	56000000	57000000	0
chrY	57000000	58000000	0
chrY	58000000	59000000	0
chrY	59000000	60000000	0
chrY	60000000	61000000	0
chrY	61000000	62000000	0
chrY	62000000	63000000	0
chrY	63000000	64000000	0
chrY	64000000	65000000	0
chrY	65000000	66000000	0
chrY	66000000	67000000	0
chrY	67000000	68000000	0
chrY	68000000	69000000	0
chrY	69000000	70000000	0
chrY	70000000	71000000	0
chrY	71000000	72000000	0
chrY	72000000	73000000	0
chrY	73000000	74000000	0
chrY	74000000	75000000	0
chrY	75000000	76000000	0
chrY	76000000	77000000	0
chrY	77000000	78000000	0
chrY	78000000	79000000	0
chrY	79000000	80000000	0
chrY	80000000	81000000	0
chrY	81000000	82000000	0
chrY	82000000	83000000	0
chrY	83000000	84000000	0
chrY	84000000	85000000	0
chrY	85000000	86000000	0
chrY	86000000	87000000	0
chrY	87000000	88000000	0
chrY	88000000	89000000	0
chrY	89000000	90000000	0
chrY	90000000	91000000	0
chrY	91000000	92000000	0
