chr	bin_start	bin_end	bin_len	chr_ind	bin_ind
chr1	1	2500000	2499999	1	1	0.0
chr1	2500000	5000000	2500000	1	2	0.651540011111
chr1	5000000	7500000	2500000	1	3	0.784981388889
chr1	7500000	10000000	2500000	1	4	0.7889692
chr1	10000000	12500000	2500000	1	5	0.8167556
chr1	12500000	15000000	2500000	1	6	0.8687936
chr1	15000000	17500000	2500000	1	7	0.807447277778
chr1	17500000	20000000	2500000	1	8	0.810355122222
chr1	20000000	22500000	2500000	1	9	0.8373892
chr1	22500000	25000000	2500000	1	10	0.8728008
chr1	25000000	27500000	2500000	1	11	0.8414384
chr1	27500000	30000000	2500000	1	12	0.8341868
chr1	30000000	32500000	2500000	1	13	0.8033892
chr1	32500000	35000000	2500000	1	14	0.8682408
chr1	35000000	37500000	2500000	1	15	0.911556055556
chr1	37500000	40000000	2500000	1	16	0.936317144445
chr1	40000000	42500000	2500000	1	17	0.9167028
chr1	42500000	45000000	2500000	1	18	0.858394
chr1	45000000	47500000	2500000	1	19	0.750043933334
chr1	47500000	50000000	2500000	1	20	0.797510066667
chr1	50000000	52500000	2500000	1	21	0.8817144
chr1	52500000	55000000	2500000	1	22	0.8285868
chr1	55000000	57500000	2500000	1	23	0.8877804
chr1	57500000	60000000	2500000	1	24	0.8993412
chr1	60000000	62500000	2500000	1	25	0.9020412
chr1	62500000	65000000	2500000	1	26	0.9070576
chr1	65000000	67500000	2500000	1	27	0.868616
chr1	67500000	70000000	2500000	1	28	0.8739624
chr1	70000000	72500000	2500000	1	29	0.9175508
chr1	72500000	75000000	2500000	1	30	0.914036
chr1	75000000	77500000	2500000	1	31	0.8961376
chr1	77500000	80000000	2500000	1	32	0.8676348
chr1	80000000	82500000	2500000	1	33	0.8859364
chr1	82500000	85000000	2500000	1	34	0.8647106
chr1	85000000	87500000	2500000	1	35	0.7186634
chr1	87500000	90000000	2500000	1	36	0.9202616
chr1	90000000	92500000	2500000	1	37	0.9466098
chr1	92500000	95000000	2500000	1	38	0.8305806
chr1	95000000	97500000	2500000	1	39	0.806798
chr1	97500000	100000000	2500000	1	40	0.8279708
chr1	100000000	102500000	2500000	1	41	0.8064
chr1	102500000	105000000	2500000	1	42	0.826476
chr1	105000000	107500000	2500000	1	43	0.8542184
chr1	107500000	110000000	2500000	1	44	0.8277224
chr1	110000000	112500000	2500000	1	45	0.8201328
chr1	112500000	115000000	2500000	1	46	0.7996244
chr1	115000000	117500000	2500000	1	47	0.8375364
chr1	117500000	120000000	2500000	1	48	0.8119104
chr1	120000000	122500000	2500000	1	49	0.9005368
chr1	122500000	125000000	2500000	1	50	0.8780684
chr1	125000000	127500000	2500000	1	51	0.9073608
chr1	127500000	130000000	2500000	1	52	0.8992956
chr1	130000000	132500000	2500000	1	53	0.8898396
chr1	132500000	135000000	2500000	1	54	0.9425476
chr1	135000000	137500000	2500000	1	55	0.9357368
chr1	137500000	140000000	2500000	1	56	0.8441696
chr1	140000000	142500000	2500000	1	57	0.8209082
chr1	142500000	145000000	2500000	1	58	0.809145
chr1	145000000	147500000	2500000	1	59	0.8223814
chr1	147500000	150000000	2500000	1	60	0.822330511111
chr1	150000000	152500000	2500000	1	61	0.900554088889
chr1	152500000	155000000	2500000	1	62	0.915126
chr1	155000000	157500000	2500000	1	63	0.9074992
chr1	157500000	160000000	2500000	1	64	0.9237508
chr1	160000000	162500000	2500000	1	65	0.9096024
chr1	162500000	165000000	2500000	1	66	0.8981304
chr1	165000000	167500000	2500000	1	67	0.8735092
chr1	167500000	170000000	2500000	1	68	0.9097052
chr1	170000000	172500000	2500000	1	69	0.901074
chr1	172500000	175000000	2500000	1	70	0.7992496
chr1	175000000	177500000	2500000	1	71	0.9091716
chr1	177500000	180000000	2500000	1	72	0.8621784
chr1	180000000	182500000	2500000	1	73	0.916726
chr1	182500000	185000000	2500000	1	74	0.8911992
chr1	185000000	187500000	2500000	1	75	0.9231402
chr1	187500000	190000000	2500000	1	76	0.9419806
chr1	190000000	192500000	2500000	1	77	0.9125576
chr1	192500000	195000000	2500000	1	78	0.931426
chr1	195000000	195471971	471971	1	79	0.573601979783
chr2	1	2500000	2499999	2	80	0.0
chr2	2500000	5000000	2500000	2	81	0.7026058
chr2	5000000	7500000	2500000	2	82	0.9104476
chr2	7500000	10000000	2500000	2	83	0.8605332
chr2	10000000	12500000	2500000	2	84	0.872577
chr2	12500000	15000000	2500000	2	85	0.850631
chr2	15000000	17500000	2500000	2	86	0.8083788
chr2	17500000	20000000	2500000	2	87	0.880350033333
chr2	20000000	22500000	2500000	2	88	0.794836966667
chr2	22500000	25000000	2500000	2	89	0.8276126
chr2	25000000	27500000	2500000	2	90	0.916501111111
chr2	27500000	30000000	2500000	2	91	0.940716088889
chr2	30000000	32500000	2500000	2	92	0.9355236
chr2	32500000	35000000	2500000	2	93	0.9457028
chr2	35000000	37500000	2500000	2	94	0.839956
chr2	37500000	40000000	2500000	2	95	0.8752608
chr2	40000000	42500000	2500000	2	96	0.8653868
chr2	42500000	45000000	2500000	2	97	0.905242
chr2	45000000	47500000	2500000	2	98	0.8876838
chr2	47500000	50000000	2500000	2	99	0.8809638
chr2	50000000	52500000	2500000	2	100	0.9126848
chr2	52500000	55000000	2500000	2	101	0.8363912
chr2	55000000	57500000	2500000	2	102	0.8181276
chr2	57500000	60000000	2500000	2	103	0.8855492
chr2	60000000	62500000	2500000	2	104	0.9110412
chr2	62500000	65000000	2500000	2	105	0.8825396
chr2	65000000	67500000	2500000	2	106	0.887294
chr2	67500000	70000000	2500000	2	107	0.9103452
chr2	70000000	72500000	2500000	2	108	0.9390096
chr2	72500000	75000000	2500000	2	109	0.9357244
chr2	75000000	77500000	2500000	2	110	0.9413892
chr2	77500000	80000000	2500000	2	111	0.903204
chr2	80000000	82500000	2500000	2	112	0.8352088
chr2	82500000	85000000	2500000	2	113	0.7972072
chr2	85000000	87500000	2500000	2	114	0.816304400001
chr2	87500000	90000000	2500000	2	115	0.75178
chr2	90000000	92500000	2500000	2	116	0.8463472
chr2	92500000	95000000	2500000	2	117	0.9271636
chr2	95000000	97500000	2500000	2	118	0.8383552
chr2	97500000	100000000	2500000	2	119	0.79691
chr2	100000000	102500000	2500000	2	120	0.7713612
chr2	102500000	105000000	2500000	2	121	0.926832
chr2	105000000	107500000	2500000	2	122	0.9109116
chr2	107500000	110000000	2500000	2	123	0.8596112
chr2	110000000	112500000	2500000	2	124	0.7844344
chr2	112500000	115000000	2500000	2	125	0.8975376
chr2	115000000	117500000	2500000	2	126	0.9093906
chr2	117500000	120000000	2500000	2	127	0.9282782
chr2	120000000	122500000	2500000	2	128	0.9023645
chr2	122500000	125000000	2500000	2	129	0.8733731
chr2	125000000	127500000	2500000	2	130	0.910728
chr2	127500000	130000000	2500000	2	131	0.9232824
chr2	130000000	132500000	2500000	2	132	0.9250304
chr2	132500000	135000000	2500000	2	133	0.897602888889
chr2	135000000	137500000	2500000	2	134	0.908775511111
chr2	137500000	140000000	2500000	2	135	0.8795428
chr2	140000000	142500000	2500000	2	136	0.9049144
chr2	142500000	145000000	2500000	2	137	0.8999832
chr2	145000000	147500000	2500000	2	138	0.916724
chr2	147500000	150000000	2500000	2	139	0.8803768
chr2	150000000	152500000	2500000	2	140	0.7345528
chr2	152500000	155000000	2500000	2	141	0.9143564
chr2	155000000	157500000	2500000	2	142	0.918409
chr2	157500000	160000000	2500000	2	143	0.9285058
chr2	160000000	162500000	2500000	2	144	0.9308436
chr2	162500000	165000000	2500000	2	145	0.9239272
chr2	165000000	167500000	2500000	2	146	0.9310068
chr2	167500000	170000000	2500000	2	147	0.9468512
chr2	170000000	172500000	2500000	2	148	0.9288164
chr2	172500000	175000000	2500000	2	149	0.926774066667
chr2	175000000	177500000	2500000	2	150	0.0497025333333
chr2	177500000	180000000	2500000	2	151	0.763619066667
chr2	180000000	182113224	2113224	2	152	0.876257478305
chr3	1	2500000	2499999	3	153	0.0
chr3	2500000	5000000	2500000	3	154	0.6035826
chr3	5000000	7500000	2500000	3	155	0.7806748
chr3	7500000	10000000	2500000	3	156	0.8302286
chr3	10000000	12500000	2500000	3	157	0.790479
chr3	12500000	15000000	2500000	3	158	0.801266
chr3	15000000	17500000	2500000	3	159	0.6664744
chr3	17500000	20000000	2500000	3	160	0.8356652
chr3	20000000	22500000	2500000	3	161	0.8168898
chr3	22500000	25000000	2500000	3	162	0.8067582
chr3	25000000	27500000	2500000	3	163	0.8515356
chr3	27500000	30000000	2500000	3	164	0.8821464
chr3	30000000	32500000	2500000	3	165	0.8752204
chr3	32500000	35000000	2500000	3	166	0.8882912
chr3	35000000	37500000	2500000	3	167	0.8812456
chr3	37500000	40000000	2500000	3	168	0.8909304
chr3	40000000	42500000	2500000	3	169	0.8266916
chr3	42500000	45000000	2500000	3	170	0.8050568
chr3	45000000	47500000	2500000	3	171	0.838302
chr3	47500000	50000000	2500000	3	172	0.817535833334
chr3	50000000	52500000	2500000	3	173	0.900881766667
chr3	52500000	55000000	2500000	3	174	0.9147988
chr3	55000000	57500000	2500000	3	175	0.8658284
chr3	57500000	60000000	2500000	3	176	0.852970488889
chr3	60000000	62500000	2500000	3	177	0.841423111111
chr3	62500000	65000000	2500000	3	178	0.7576648
chr3	65000000	67500000	2500000	3	179	0.879444
chr3	67500000	70000000	2500000	3	180	0.8906462
chr3	70000000	72500000	2500000	3	181	0.8337854
chr3	72500000	75000000	2500000	3	182	0.8203604
chr3	75000000	77500000	2500000	3	183	0.8538648
chr3	77500000	80000000	2500000	3	184	0.8463328
chr3	80000000	82500000	2500000	3	185	0.8682568
chr3	82500000	85000000	2500000	3	186	0.9090228
chr3	85000000	87500000	2500000	3	187	0.9129128
chr3	87500000	90000000	2500000	3	188	0.8981344
chr3	90000000	92500000	2500000	3	189	0.725212400001
chr3	92500000	95000000	2500000	3	190	0.685978
chr3	95000000	97500000	2500000	3	191	0.8753544
chr3	97500000	100000000	2500000	3	192	0.817080788889
chr3	100000000	102500000	2500000	3	193	0.934520011111
chr3	102500000	105000000	2500000	3	194	0.9030572
chr3	105000000	107500000	2500000	3	195	0.8603964
chr3	107500000	110000000	2500000	3	196	0.9207388
chr3	110000000	112500000	2500000	3	197	0.830806
chr3	112500000	115000000	2500000	3	198	0.7199516
chr3	115000000	117500000	2500000	3	199	0.8915312
chr3	117500000	120000000	2500000	3	200	0.8974508
chr3	120000000	122500000	2500000	3	201	0.9078664
chr3	122500000	125000000	2500000	3	202	0.8827196
chr3	125000000	127500000	2500000	3	203	0.8961798
chr3	127500000	130000000	2500000	3	204	0.9035046
chr3	130000000	132500000	2500000	3	205	0.8866014
chr3	132500000	135000000	2500000	3	206	0.843301
chr3	135000000	137500000	2500000	3	207	0.8918196
chr3	137500000	140000000	2500000	3	208	0.8882924
chr3	140000000	142500000	2500000	3	209	0.8978112
chr3	142500000	145000000	2500000	3	210	0.8993044
chr3	145000000	147500000	2500000	3	211	0.9206468
chr3	147500000	150000000	2500000	3	212	0.9233016
chr3	150000000	152500000	2500000	3	213	0.8948784
chr3	152500000	155000000	2500000	3	214	0.9221739
chr3	155000000	157500000	2500000	3	215	0.8843073
chr3	157500000	160000000	2500000	3	216	0.7876546
chr3	160000000	160039680	39680	3	217	0.0
chr4	1	2500000	2499999	4	218	0.0
chr4	2500000	5000000	2500000	4	219	0.5472134
chr4	5000000	7500000	2500000	4	220	0.8301856
chr4	7500000	10000000	2500000	4	221	0.854719666667
chr4	10000000	12500000	2500000	4	222	0.839840333334
chr4	12500000	15000000	2500000	4	223	0.8521432
chr4	15000000	17500000	2500000	4	224	0.801994
chr4	17500000	20000000	2500000	4	225	0.8178783
chr4	20000000	22500000	2500000	4	226	0.8215505
chr4	22500000	25000000	2500000	4	227	0.8191148
chr4	25000000	27500000	2500000	4	228	0.8113264
chr4	27500000	30000000	2500000	4	229	0.8602084
chr4	30000000	32500000	2500000	4	230	0.879768966667
chr4	32500000	35000000	2500000	4	231	0.901966233333
chr4	35000000	37500000	2500000	4	232	0.859342
chr4	37500000	40000000	2500000	4	233	0.8106496
chr4	40000000	42500000	2500000	4	234	0.637401
chr4	42500000	45000000	2500000	4	235	0.8045886
chr4	45000000	47500000	2500000	4	236	0.935974
chr4	47500000	50000000	2500000	4	237	0.8795994
chr4	50000000	52500000	2500000	4	238	0.8087166
chr4	52500000	55000000	2500000	4	239	0.8881884
chr4	55000000	57500000	2500000	4	240	0.921444
chr4	57500000	60000000	2500000	4	241	0.908469555556
chr4	60000000	62500000	2500000	4	242	0.251130844444
chr4	62500000	65000000	2500000	4	243	0.8962964
chr4	65000000	67500000	2500000	4	244	0.8606732
chr4	67500000	70000000	2500000	4	245	0.8489432
chr4	70000000	72500000	2500000	4	246	0.8249144
chr4	72500000	75000000	2500000	4	247	0.742719
chr4	75000000	77500000	2500000	4	248	0.8847636
chr4	77500000	80000000	2500000	4	249	0.8377726
chr4	80000000	82500000	2500000	4	250	0.8454504
chr4	82500000	85000000	2500000	4	251	0.9104336
chr4	85000000	87500000	2500000	4	252	0.8980648
chr4	87500000	90000000	2500000	4	253	0.8304824
chr4	90000000	92500000	2500000	4	254	0.8281444
chr4	92500000	95000000	2500000	4	255	0.8416816
chr4	95000000	97500000	2500000	4	256	0.8649132
chr4	97500000	100000000	2500000	4	257	0.9165922
chr4	100000000	102500000	2500000	4	258	0.8840194
chr4	102500000	105000000	2500000	4	259	0.9316344
chr4	105000000	107500000	2500000	4	260	0.9276168
chr4	107500000	110000000	2500000	4	261	0.903736
chr4	110000000	112500000	2500000	4	262	0.8293245
chr4	112500000	115000000	2500000	4	263	0.7895623
chr4	115000000	117500000	2500000	4	264	0.835016
chr4	117500000	120000000	2500000	4	265	0.9078124
chr4	120000000	122500000	2500000	4	266	0.628534433334
chr4	122500000	125000000	2500000	4	267	0.888159966667
chr4	125000000	127500000	2500000	4	268	0.9363624
chr4	127500000	130000000	2500000	4	269	0.9367196
chr4	130000000	132500000	2500000	4	270	0.87828
chr4	132500000	135000000	2500000	4	271	0.9203136
chr4	135000000	137500000	2500000	4	272	0.9350348
chr4	137500000	140000000	2500000	4	273	0.9444844
chr4	140000000	142500000	2500000	4	274	0.9404292
chr4	142500000	145000000	2500000	4	275	0.7292096
chr4	145000000	147500000	2500000	4	276	0.297098
chr4	147500000	150000000	2500000	4	277	0.8633096
chr4	150000000	152500000	2500000	4	278	0.9515112
chr4	152500000	155000000	2500000	4	279	0.9511088
chr4	155000000	156508116	1508116	4	280	0.783473883972
chr5	1	2500000	2499999	5	281	0.0
chr5	2500000	5000000	2500000	5	282	0.626351
chr5	5000000	7500000	2500000	5	283	0.8217444
chr5	7500000	10000000	2500000	5	284	0.808371888889
chr5	10000000	12500000	2500000	5	285	0.500642111111
chr5	12500000	15000000	2500000	5	286	0.8332942
chr5	15000000	17500000	2500000	5	287	0.6374198
chr5	17500000	20000000	2500000	5	288	0.8574212
chr5	20000000	22500000	2500000	5	289	0.8852036
chr5	22500000	25000000	2500000	5	290	0.8810156
chr5	25000000	27500000	2500000	5	291	0.826346
chr5	27500000	30000000	2500000	5	292	0.8608356
chr5	30000000	32500000	2500000	5	293	0.886956
chr5	32500000	35000000	2500000	5	294	0.8989328
chr5	35000000	37500000	2500000	5	295	0.9463706
chr5	37500000	40000000	2500000	5	296	0.8986318
chr5	40000000	42500000	2500000	5	297	0.8331356
chr5	42500000	45000000	2500000	5	298	0.8679072
chr5	45000000	47500000	2500000	5	299	0.8564522
chr5	47500000	50000000	2500000	5	300	0.8872758
chr5	50000000	52500000	2500000	5	301	0.903332
chr5	52500000	55000000	2500000	5	302	0.9071324
chr5	55000000	57500000	2500000	5	303	0.8240694
chr5	57500000	60000000	2500000	5	304	0.827900811111
chr5	60000000	62500000	2500000	5	305	0.812994588889
chr5	62500000	65000000	2500000	5	306	0.8808824
chr5	65000000	67500000	2500000	5	307	0.9370332
chr5	67500000	70000000	2500000	5	308	0.8468452
chr5	70000000	72500000	2500000	5	309	0.833662
chr5	72500000	75000000	2500000	5	310	0.9258936
chr5	75000000	77500000	2500000	5	311	0.9230388
chr5	77500000	80000000	2500000	5	312	0.8085512
chr5	80000000	82500000	2500000	5	313	0.8755652
chr5	82500000	85000000	2500000	5	314	0.8389264
chr5	85000000	87500000	2500000	5	315	0.798255633334
chr5	87500000	90000000	2500000	5	316	0.844884166667
chr5	90000000	92500000	2500000	5	317	0.8937118
chr5	92500000	95000000	2500000	5	318	0.3773102
chr5	95000000	97500000	2500000	5	319	0.6263534
chr5	97500000	100000000	2500000	5	320	0.9056596
chr5	100000000	102500000	2500000	5	321	0.9071736
chr5	102500000	105000000	2500000	5	322	0.8433848
chr5	105000000	107500000	2500000	5	323	0.87726
chr5	107500000	110000000	2500000	5	324	0.774755600001
chr5	110000000	112500000	2500000	5	325	0.9286864
chr5	112500000	115000000	2500000	5	326	0.935804
chr5	115000000	117500000	2500000	5	327	0.9289076
chr5	117500000	120000000	2500000	5	328	0.9579144
chr5	120000000	122500000	2500000	5	329	0.9255324
chr5	122500000	125000000	2500000	5	330	0.8952408
chr5	125000000	127500000	2500000	5	331	0.9216452
chr5	127500000	130000000	2500000	5	332	0.9106836
chr5	130000000	132500000	2500000	5	333	0.9469592
chr5	132500000	135000000	2500000	5	334	0.909387677778
chr5	135000000	137500000	2500000	5	335	0.904755922222
chr5	137500000	140000000	2500000	5	336	0.8698234
chr5	140000000	142500000	2500000	5	337	0.9380226
chr5	142500000	145000000	2500000	5	338	0.895088
chr5	145000000	147500000	2500000	5	339	0.7658868
chr5	147500000	150000000	2500000	5	340	0.9298092
chr5	150000000	151834684	1834684	5	341	0.829482079748
chr6	1	2500000	2499999	6	342	0.0
chr6	2500000	5000000	2500000	6	343	0.6137714
chr6	5000000	7500000	2500000	6	344	0.8584642
chr6	7500000	10000000	2500000	6	345	0.8474854
chr6	10000000	12500000	2500000	6	346	0.7655876
chr6	12500000	15000000	2500000	6	347	0.8134012
chr6	15000000	17500000	2500000	6	348	0.8828916
chr6	17500000	20000000	2500000	6	349	0.845932688889
chr6	20000000	22500000	2500000	6	350	0.858104511111
chr6	22500000	25000000	2500000	6	351	0.845141388889
chr6	25000000	27500000	2500000	6	352	0.813113411111
chr6	27500000	30000000	2500000	6	353	0.9260544
chr6	30000000	32500000	2500000	6	354	0.915535211111
chr6	32500000	35000000	2500000	6	355	0.927576388889
chr6	35000000	37500000	2500000	6	356	0.881166
chr6	37500000	40000000	2500000	6	357	0.9209076
chr6	40000000	42500000	2500000	6	358	0.8205132
chr6	42500000	45000000	2500000	6	359	0.827852
chr6	45000000	47500000	2500000	6	360	0.8637508
chr6	47500000	50000000	2500000	6	361	0.8327676
chr6	50000000	52500000	2500000	6	362	0.9414292
chr6	52500000	55000000	2500000	6	363	0.9467328
chr6	55000000	57500000	2500000	6	364	0.8562904
chr6	57500000	60000000	2500000	6	365	0.780459566667
chr6	60000000	62500000	2500000	6	366	0.828063433334
chr6	62500000	65000000	2500000	6	367	0.8506302
chr6	65000000	67500000	2500000	6	368	0.8346346
chr6	67500000	70000000	2500000	6	369	0.644043000001
chr6	70000000	72500000	2500000	6	370	0.8140828
chr6	72500000	75000000	2500000	6	371	0.8591326
chr6	75000000	77500000	2500000	6	372	0.8717438
chr6	77500000	80000000	2500000	6	373	0.8276848
chr6	80000000	82500000	2500000	6	374	0.865904
chr6	82500000	85000000	2500000	6	375	0.926038
chr6	85000000	87500000	2500000	6	376	0.88946
chr6	87500000	90000000	2500000	6	377	0.896010033333
chr6	90000000	92500000	2500000	6	378	0.917581966667
chr6	92500000	95000000	2500000	6	379	0.9559336
chr6	95000000	97500000	2500000	6	380	0.8846388
chr6	97500000	100000000	2500000	6	381	0.9484592
chr6	100000000	102500000	2500000	6	382	0.897046
chr6	102500000	105000000	2500000	6	383	0.862762
chr6	105000000	107500000	2500000	6	384	0.8633496
chr6	107500000	110000000	2500000	6	385	0.8509836
chr6	110000000	112500000	2500000	6	386	0.8765788
chr6	112500000	115000000	2500000	6	387	0.8930528
chr6	115000000	117500000	2500000	6	388	0.9013824
chr6	117500000	120000000	2500000	6	389	0.92092
chr6	120000000	122500000	2500000	6	390	0.838269600001
chr6	122500000	125000000	2500000	6	391	0.7074708
chr6	125000000	127500000	2500000	6	392	0.932747433334
chr6	127500000	130000000	2500000	6	393	0.8623235
chr6	130000000	132500000	2500000	6	394	0.630035666667
chr6	132500000	135000000	2500000	6	395	0.7927922
chr6	135000000	137500000	2500000	6	396	0.92843
chr6	137500000	140000000	2500000	6	397	0.8833488
chr6	140000000	142500000	2500000	6	398	0.8784136
chr6	142500000	145000000	2500000	6	399	0.9335244
chr6	145000000	147500000	2500000	6	400	0.9046676
chr6	147500000	149736546	2236546	6	401	0.82883048236
chr7	1	2500000	2499999	7	402	0.0
chr7	2500000	5000000	2500000	7	403	0.5585062
chr7	5000000	7500000	2500000	7	404	0.6628826
chr7	7500000	10000000	2500000	7	405	0.0572348
chr7	10000000	12500000	2500000	7	406	0.562972
chr7	12500000	15000000	2500000	7	407	0.6301184
chr7	15000000	17500000	2500000	7	408	0.58949
chr7	17500000	20000000	2500000	7	409	0.7680982
chr7	20000000	22500000	2500000	7	410	0.0451438
chr7	22500000	25000000	2500000	7	411	0.5274482
chr7	25000000	27500000	2500000	7	412	0.760552800001
chr7	27500000	30000000	2500000	7	413	0.8671352
chr7	30000000	32500000	2500000	7	414	0.5976314
chr7	32500000	35000000	2500000	7	415	0.557309
chr7	35000000	37500000	2500000	7	416	0.9501648
chr7	37500000	40000000	2500000	7	417	0.5692332
chr7	40000000	42500000	2500000	7	418	0.761453200001
chr7	42500000	45000000	2500000	7	419	0.7680912
chr7	45000000	47500000	2500000	7	420	0.888766
chr7	47500000	50000000	2500000	7	421	0.8391296
chr7	50000000	52500000	2500000	7	422	0.8367572
chr7	52500000	55000000	2500000	7	423	0.8181552
chr7	55000000	57500000	2500000	7	424	0.832704
chr7	57500000	60000000	2500000	7	425	0.690512
chr7	60000000	62500000	2500000	7	426	0.767656
chr7	62500000	65000000	2500000	7	427	0.8400536
chr7	65000000	67500000	2500000	7	428	0.9248192
chr7	67500000	70000000	2500000	7	429	0.9251136
chr7	70000000	72500000	2500000	7	430	0.9251196
chr7	72500000	75000000	2500000	7	431	0.8888884
chr7	75000000	77500000	2500000	7	432	0.8563956
chr7	77500000	80000000	2500000	7	433	0.9295484
chr7	80000000	82500000	2500000	7	434	0.92636
chr7	82500000	85000000	2500000	7	435	0.8933416
chr7	85000000	87500000	2500000	7	436	0.791721
chr7	87500000	90000000	2500000	7	437	0.8563778
chr7	90000000	92500000	2500000	7	438	0.9033752
chr7	92500000	95000000	2500000	7	439	0.8414044
chr7	95000000	97500000	2500000	7	440	0.8948836
chr7	97500000	100000000	2500000	7	441	0.9387516
chr7	100000000	102500000	2500000	7	442	0.9380256
chr7	102500000	105000000	2500000	7	443	0.744584266667
chr7	105000000	107500000	2500000	7	444	0.663214533334
chr7	107500000	110000000	2500000	7	445	0.842938611111
chr7	110000000	112500000	2500000	7	446	0.933928588889
chr7	112500000	115000000	2500000	7	447	0.924634
chr7	115000000	117500000	2500000	7	448	0.9273644
chr7	117500000	120000000	2500000	7	449	0.9262774
chr7	120000000	122500000	2500000	7	450	0.9180542
chr7	122500000	125000000	2500000	7	451	0.9068872
chr7	125000000	127500000	2500000	7	452	0.9278312
chr7	127500000	130000000	2500000	7	453	0.9100512
chr7	130000000	132500000	2500000	7	454	0.926916
chr7	132500000	135000000	2500000	7	455	0.9356264
chr7	135000000	137500000	2500000	7	456	0.9515636
chr7	137500000	140000000	2500000	7	457	0.9278292
chr7	140000000	142500000	2500000	7	458	0.862522
chr7	142500000	145000000	2500000	7	459	0.9365504
chr7	145000000	145441459	441459	7	460	0.740024554942
chr8	1	2500000	2499999	8	461	0.0
chr8	2500000	5000000	2500000	8	462	0.607611066667
chr8	5000000	7500000	2500000	8	463	0.827735533334
chr8	7500000	10000000	2500000	8	464	0.9072208
chr8	10000000	12500000	2500000	8	465	0.9448772
chr8	12500000	15000000	2500000	8	466	0.9280468
chr8	15000000	17500000	2500000	8	467	0.8853376
chr8	17500000	20000000	2500000	8	468	0.761598733334
chr8	20000000	22500000	2500000	8	469	0.372762066667
chr8	22500000	25000000	2500000	8	470	0.9202176
chr8	25000000	27500000	2500000	8	471	0.9132804
chr8	27500000	30000000	2500000	8	472	0.841868
chr8	30000000	32500000	2500000	8	473	0.8844601
chr8	32500000	35000000	2500000	8	474	0.8800247
chr8	35000000	37500000	2500000	8	475	0.9135056
chr8	37500000	40000000	2500000	8	476	0.842708
chr8	40000000	42500000	2500000	8	477	0.8455504
chr8	42500000	45000000	2500000	8	478	0.827214
chr8	45000000	47500000	2500000	8	479	0.9107256
chr8	47500000	50000000	2500000	8	480	0.9279348
chr8	50000000	52500000	2500000	8	481	0.8555364
chr8	52500000	55000000	2500000	8	482	0.8603116
chr8	55000000	57500000	2500000	8	483	0.7140756
chr8	57500000	60000000	2500000	8	484	0.8395292
chr8	60000000	62500000	2500000	8	485	0.8577108
chr8	62500000	65000000	2500000	8	486	0.8481076
chr8	65000000	67500000	2500000	8	487	0.823572
chr8	67500000	70000000	2500000	8	488	0.827331133334
chr8	70000000	72500000	2500000	8	489	0.822366866667
chr8	72500000	75000000	2500000	8	490	0.7880156
chr8	75000000	77500000	2500000	8	491	0.8524692
chr8	77500000	80000000	2500000	8	492	0.9075
chr8	80000000	82500000	2500000	8	493	0.8781832
chr8	82500000	85000000	2500000	8	494	0.899802
chr8	85000000	87500000	2500000	8	495	0.8867916
chr8	87500000	90000000	2500000	8	496	0.9511376
chr8	90000000	92500000	2500000	8	497	0.9381156
chr8	92500000	95000000	2500000	8	498	0.9202276
chr8	95000000	97500000	2500000	8	499	0.8823904
chr8	97500000	100000000	2500000	8	500	0.8691064
chr8	100000000	102500000	2500000	8	501	0.8491004
chr8	102500000	105000000	2500000	8	502	0.876808
chr8	105000000	107500000	2500000	8	503	0.9158644
chr8	107500000	110000000	2500000	8	504	0.938692
chr8	110000000	112500000	2500000	8	505	0.9275288
chr8	112500000	115000000	2500000	8	506	0.9312076
chr8	115000000	117500000	2500000	8	507	0.9417936
chr8	117500000	120000000	2500000	8	508	0.9416072
chr8	120000000	122500000	2500000	8	509	0.9478644
chr8	122500000	125000000	2500000	8	510	0.899517544445
chr8	125000000	127500000	2500000	8	511	0.942976855556
chr8	127500000	129401213	1901213	8	512	0.798089167284
chr9	1	2500000	2499999	9	513	0.0
chr9	2500000	5000000	2500000	9	514	0.5894955
chr9	5000000	7500000	2500000	9	515	0.7900785
chr9	7500000	10000000	2500000	9	516	0.8065826
chr9	10000000	12500000	2500000	9	517	0.8117928
chr9	12500000	15000000	2500000	9	518	0.839014
chr9	15000000	17500000	2500000	9	519	0.8778352
chr9	17500000	20000000	2500000	9	520	0.761910400001
chr9	20000000	22500000	2500000	9	521	0.882292833334
chr9	22500000	25000000	2500000	9	522	0.872535166667
chr9	25000000	27500000	2500000	9	523	0.8677936
chr9	27500000	30000000	2500000	9	524	0.9549172
chr9	30000000	32500000	2500000	9	525	0.919302
chr9	32500000	35000000	2500000	9	526	0.9122608
chr9	35000000	37500000	2500000	9	527	0.814998
chr9	37500000	40000000	2500000	9	528	0.823029200001
chr9	40000000	42500000	2500000	9	529	0.9336784
chr9	42500000	45000000	2500000	9	530	0.9463792
chr9	45000000	47500000	2500000	9	531	0.9560744
chr9	47500000	50000000	2500000	9	532	0.949048
chr9	50000000	52500000	2500000	9	533	0.9171696
chr9	52500000	55000000	2500000	9	534	0.890328
chr9	55000000	57500000	2500000	9	535	0.9040896
chr9	57500000	60000000	2500000	9	536	0.9351424
chr9	60000000	62500000	2500000	9	537	0.94828
chr9	62500000	65000000	2500000	9	538	0.9435396
chr9	65000000	67500000	2500000	9	539	0.9338916
chr9	67500000	70000000	2500000	9	540	0.937302
chr9	70000000	72500000	2500000	9	541	0.9239548
chr9	72500000	75000000	2500000	9	542	0.893056
chr9	75000000	77500000	2500000	9	543	0.9097504
chr9	77500000	80000000	2500000	9	544	0.8604432
chr9	80000000	82500000	2500000	9	545	0.8427856
chr9	82500000	85000000	2500000	9	546	0.880009466667
chr9	85000000	87500000	2500000	9	547	0.886849533333
chr9	87500000	90000000	2500000	9	548	0.6901054
chr9	90000000	92500000	2500000	9	549	0.8460208
chr9	92500000	95000000	2500000	9	550	0.8596328
chr9	95000000	97500000	2500000	9	551	0.9209904
chr9	97500000	100000000	2500000	9	552	0.9221484
chr9	100000000	102500000	2500000	9	553	0.9174304
chr9	102500000	105000000	2500000	9	554	0.9404508
chr9	105000000	107500000	2500000	9	555	0.9130368
chr9	107500000	110000000	2500000	9	556	0.822419200001
chr9	110000000	112500000	2500000	9	557	0.9210872
chr9	112500000	115000000	2500000	9	558	0.85688
chr9	115000000	117500000	2500000	9	559	0.9394056
chr9	117500000	120000000	2500000	9	560	0.9255672
chr9	120000000	122500000	2500000	9	561	0.9134868
chr9	122500000	124595110	2095110	9	562	0.775343299397
chr10	1	2500000	2499999	10	563	0.0
chr10	2500000	5000000	2500000	10	564	0.6592522
chr10	5000000	7500000	2500000	10	565	0.810435888889
chr10	7500000	10000000	2500000	10	566	0.882578322222
chr10	10000000	12500000	2500000	10	567	0.829316188889
chr10	12500000	15000000	2500000	10	568	0.915965
chr10	15000000	17500000	2500000	10	569	0.8242036
chr10	17500000	20000000	2500000	10	570	0.9140006
chr10	20000000	22500000	2500000	10	571	0.838004388889
chr10	22500000	25000000	2500000	10	572	0.854015611111
chr10	25000000	27500000	2500000	10	573	0.884308
chr10	27500000	30000000	2500000	10	574	0.85332
chr10	30000000	32500000	2500000	10	575	0.8321762
chr10	32500000	35000000	2500000	10	576	0.815937688889
chr10	35000000	37500000	2500000	10	577	0.852694111111
chr10	37500000	40000000	2500000	10	578	0.8567924
chr10	40000000	42500000	2500000	10	579	0.9062192
chr10	42500000	45000000	2500000	10	580	0.918446211111
chr10	45000000	47500000	2500000	10	581	0.849317688889
chr10	47500000	50000000	2500000	10	582	0.8091761
chr10	50000000	52500000	2500000	10	583	0.8107358
chr10	52500000	55000000	2500000	10	584	0.8567646
chr10	55000000	57500000	2500000	10	585	0.8311428
chr10	57500000	60000000	2500000	10	586	0.7745252
chr10	60000000	62500000	2500000	10	587	0.9424564
chr10	62500000	65000000	2500000	10	588	0.8903156
chr10	65000000	67500000	2500000	10	589	0.8604344
chr10	67500000	70000000	2500000	10	590	0.9304756
chr10	70000000	72500000	2500000	10	591	0.874507766667
chr10	72500000	75000000	2500000	10	592	0.868184233333
chr10	75000000	77500000	2500000	10	593	0.936823711111
chr10	77500000	80000000	2500000	10	594	0.829072288889
chr10	80000000	82500000	2500000	10	595	0.7870024
chr10	82500000	85000000	2500000	10	596	0.9080104
chr10	85000000	87500000	2500000	10	597	0.8548888
chr10	87500000	90000000	2500000	10	598	0.9024968
chr10	90000000	92500000	2500000	10	599	0.9190244
chr10	92500000	95000000	2500000	10	600	0.9315252
chr10	95000000	97500000	2500000	10	601	0.9182648
chr10	97500000	100000000	2500000	10	602	0.888424066667
chr10	100000000	102500000	2500000	10	603	0.845716733334
chr10	102500000	105000000	2500000	10	604	0.8267606
chr10	105000000	107500000	2500000	10	605	0.875683
chr10	107500000	110000000	2500000	10	606	0.9162072
chr10	110000000	112500000	2500000	10	607	0.8818956
chr10	112500000	115000000	2500000	10	608	0.8791256
chr10	115000000	117500000	2500000	10	609	0.915746
chr10	117500000	120000000	2500000	10	610	0.8701776
chr10	120000000	122500000	2500000	10	611	0.9019892
chr10	122500000	125000000	2500000	10	612	0.9017
chr10	125000000	127500000	2500000	10	613	0.9081888
chr10	127500000	130000000	2500000	10	614	0.834637244445
chr10	130000000	130694993	694993	10	615	0.60973044173
chr11	1	2500000	2499999	11	616	0.0
chr11	2500000	5000000	2500000	11	617	0.6977602
chr11	5000000	7500000	2500000	11	618	0.894658
chr11	7500000	10000000	2500000	11	619	0.845526
chr11	10000000	12500000	2500000	11	620	0.8441964
chr11	12500000	15000000	2500000	11	621	0.805117655556
chr11	15000000	17500000	2500000	11	622	0.835561544445
chr11	17500000	20000000	2500000	11	623	0.8754874
chr11	20000000	22500000	2500000	11	624	0.880181
chr11	22500000	25000000	2500000	11	625	0.8988116
chr11	25000000	27500000	2500000	11	626	0.8577908
chr11	27500000	30000000	2500000	11	627	0.799351133334
chr11	30000000	32500000	2500000	11	628	0.867888466667
chr11	32500000	35000000	2500000	11	629	0.8841784
chr11	35000000	37500000	2500000	11	630	0.960454
chr11	37500000	40000000	2500000	11	631	0.897234
chr11	40000000	42500000	2500000	11	632	0.840308733334
chr11	42500000	45000000	2500000	11	633	0.920983666667
chr11	45000000	47500000	2500000	11	634	0.882246511111
chr11	47500000	50000000	2500000	11	635	0.812244688889
chr11	50000000	52500000	2500000	11	636	0.8992112
chr11	52500000	55000000	2500000	11	637	0.9302692
chr11	55000000	57500000	2500000	11	638	0.909299633333
chr11	57500000	60000000	2500000	11	639	0.911939644445
chr11	60000000	62500000	2500000	11	640	0.899199122222
chr11	62500000	65000000	2500000	11	641	0.9298076
chr11	65000000	67500000	2500000	11	642	0.9335612
chr11	67500000	70000000	2500000	11	643	0.9497396
chr11	70000000	72500000	2500000	11	644	0.902324
chr11	72500000	75000000	2500000	11	645	0.847672
chr11	75000000	77500000	2500000	11	646	0.9321824
chr11	77500000	80000000	2500000	11	647	0.9329172
chr11	80000000	82500000	2500000	11	648	0.939491811111
chr11	82500000	85000000	2500000	11	649	0.904921788889
chr11	85000000	87500000	2500000	11	650	0.919754
chr11	87500000	90000000	2500000	11	651	0.9350456
chr11	90000000	92500000	2500000	11	652	0.889079866667
chr11	92500000	95000000	2500000	11	653	0.904939733333
chr11	95000000	97500000	2500000	11	654	0.9405452
chr11	97500000	100000000	2500000	11	655	0.9108072
chr11	100000000	102500000	2500000	11	656	0.9334276
chr11	102500000	105000000	2500000	11	657	0.9254872
chr11	105000000	107500000	2500000	11	658	0.9117688
chr11	107500000	110000000	2500000	11	659	0.9322844
chr11	110000000	112500000	2500000	11	660	0.9214412
chr11	112500000	115000000	2500000	11	661	0.9474336
chr11	115000000	117500000	2500000	11	662	0.9140766
chr11	117500000	120000000	2500000	11	663	0.9526458
chr11	120000000	122082543	2082543	11	664	0.860079959934
chr12	1	2500000	2499999	12	665	0.0
chr12	2500000	5000000	2500000	12	666	0.6714838
chr12	5000000	7500000	2500000	12	667	0.8625676
chr12	7500000	10000000	2500000	12	668	0.8793604
chr12	10000000	12500000	2500000	12	669	0.839784
chr12	12500000	15000000	2500000	12	670	0.8759948
chr12	15000000	17500000	2500000	12	671	0.9018842
chr12	17500000	20000000	2500000	12	672	0.3542948
chr12	20000000	22500000	2500000	12	673	0.3218792
chr12	22500000	25000000	2500000	12	674	0.2923802
chr12	25000000	27500000	2500000	12	675	0.927904
chr12	27500000	30000000	2500000	12	676	0.9241936
chr12	30000000	32500000	2500000	12	677	0.8970596
chr12	32500000	35000000	2500000	12	678	0.8962836
chr12	35000000	37500000	2500000	12	679	0.8820208
chr12	37500000	40000000	2500000	12	680	0.8662604
chr12	40000000	42500000	2500000	12	681	0.8878312
chr12	42500000	45000000	2500000	12	682	0.8279876
chr12	45000000	47500000	2500000	12	683	0.8659156
chr12	47500000	50000000	2500000	12	684	0.8027168
chr12	50000000	52500000	2500000	12	685	0.8726472
chr12	52500000	55000000	2500000	12	686	0.9119904
chr12	55000000	57500000	2500000	12	687	0.839658
chr12	57500000	60000000	2500000	12	688	0.8276552
chr12	60000000	62500000	2500000	12	689	0.8277774
chr12	62500000	65000000	2500000	12	690	0.813759166667
chr12	65000000	67500000	2500000	12	691	0.872289244445
chr12	67500000	70000000	2500000	12	692	0.860453788889
chr12	70000000	72500000	2500000	12	693	0.9246876
chr12	72500000	75000000	2500000	12	694	0.8985592
chr12	75000000	77500000	2500000	12	695	0.916664
chr12	77500000	80000000	2500000	12	696	0.9035208
chr12	80000000	82500000	2500000	12	697	0.8923904
chr12	82500000	85000000	2500000	12	698	0.9243276
chr12	85000000	87500000	2500000	12	699	0.939689
chr12	87500000	90000000	2500000	12	700	0.7114886
chr12	90000000	92500000	2500000	12	701	0.8767668
chr12	92500000	95000000	2500000	12	702	0.8496788
chr12	95000000	97500000	2500000	12	703	0.8605944
chr12	97500000	100000000	2500000	12	704	0.9106016
chr12	100000000	102500000	2500000	12	705	0.8690164
chr12	102500000	105000000	2500000	12	706	0.8809728
chr12	105000000	107500000	2500000	12	707	0.9383992
chr12	107500000	110000000	2500000	12	708	0.9225868
chr12	110000000	112500000	2500000	12	709	0.9351784
chr12	112500000	115000000	2500000	12	710	0.778686000001
chr12	115000000	117500000	2500000	12	711	0.7600176
chr12	117500000	120000000	2500000	12	712	0.86854
chr12	120000000	120129022	129022	12	713	0.210487358745
chr13	1	2500000	2499999	13	714	0.0
chr13	2500000	5000000	2500000	13	715	0.5859734
chr13	5000000	7500000	2500000	13	716	0.8338008
chr13	7500000	10000000	2500000	13	717	0.8505896
chr13	10000000	12500000	2500000	13	718	0.8645288
chr13	12500000	15000000	2500000	13	719	0.6606112
chr13	15000000	17500000	2500000	13	720	0.855324033333
chr13	17500000	20000000	2500000	13	721	0.848589566667
chr13	20000000	22500000	2500000	13	722	0.8453748
chr13	22500000	25000000	2500000	13	723	0.808404
chr13	25000000	27500000	2500000	13	724	0.849234466667
chr13	27500000	30000000	2500000	13	725	0.860342733334
chr13	30000000	32500000	2500000	13	726	0.9195232
chr13	32500000	35000000	2500000	13	727	0.787114411111
chr13	35000000	37500000	2500000	13	728	0.891060188889
chr13	37500000	40000000	2500000	13	729	0.917819
chr13	40000000	42500000	2500000	13	730	0.924346
chr13	42500000	45000000	2500000	13	731	0.9512544
chr13	45000000	47500000	2500000	13	732	0.942837388889
chr13	47500000	50000000	2500000	13	733	0.906152811111
chr13	50000000	52500000	2500000	13	734	0.7279858
chr13	52500000	55000000	2500000	13	735	0.9389716
chr13	55000000	57500000	2500000	13	736	0.9372436
chr13	57500000	60000000	2500000	13	737	0.94115
chr13	60000000	62500000	2500000	13	738	0.687254333334
chr13	62500000	65000000	2500000	13	739	0.838076866667
chr13	65000000	67500000	2500000	13	740	0.392786
chr13	67500000	70000000	2500000	13	741	0.737570566667
chr13	70000000	72500000	2500000	13	742	0.907643566667
chr13	72500000	75000000	2500000	13	743	0.879853066667
chr13	75000000	77500000	2500000	13	744	0.8320034
chr13	77500000	80000000	2500000	13	745	0.812995
chr13	80000000	82500000	2500000	13	746	0.851609777778
chr13	82500000	85000000	2500000	13	747	0.858507422222
chr13	85000000	87500000	2500000	13	748	0.788709600001
chr13	87500000	90000000	2500000	13	749	0.8583544
chr13	90000000	92500000	2500000	13	750	0.876844
chr13	92500000	95000000	2500000	13	751	0.9004456
chr13	95000000	97500000	2500000	13	752	0.9205304
chr13	97500000	100000000	2500000	13	753	0.9242116
chr13	100000000	102500000	2500000	13	754	0.855064477778
chr13	102500000	105000000	2500000	13	755	0.895082322222
chr13	105000000	107500000	2500000	13	756	0.8529644
chr13	107500000	110000000	2500000	13	757	0.917774
chr13	110000000	112500000	2500000	13	758	0.9122133
chr13	112500000	115000000	2500000	13	759	0.9182419
chr13	115000000	117500000	2500000	13	760	0.8838618
chr13	117500000	120000000	2500000	13	761	0.776934
chr13	120000000	120421639	421639	13	762	0.171974129528
chr14	1	2500000	2499999	14	763	0.0
chr14	2500000	5000000	2500000	14	764	0.0410144
chr14	5000000	7500000	2500000	14	765	0.069128
chr14	7500000	10000000	2500000	14	766	0.808373
chr14	10000000	12500000	2500000	14	767	0.8949716
chr14	12500000	15000000	2500000	14	768	0.8351036
chr14	15000000	17500000	2500000	14	769	0.8162532
chr14	17500000	20000000	2500000	14	770	0.7396376
chr14	20000000	22500000	2500000	14	771	0.9363524
chr14	22500000	25000000	2500000	14	772	0.9026644
chr14	25000000	27500000	2500000	14	773	0.7771284
chr14	27500000	30000000	2500000	14	774	0.9286956
chr14	30000000	32500000	2500000	14	775	0.938052
chr14	32500000	35000000	2500000	14	776	0.9389492
chr14	35000000	37500000	2500000	14	777	0.8677976
chr14	37500000	40000000	2500000	14	778	0.849612
chr14	40000000	42500000	2500000	14	779	0.4409958
chr14	42500000	45000000	2500000	14	780	0.2471102
chr14	45000000	47500000	2500000	14	781	0.9064828
chr14	47500000	50000000	2500000	14	782	0.901355233333
chr14	50000000	52500000	2500000	14	783	0.746985577778
chr14	52500000	55000000	2500000	14	784	0.601034522222
chr14	55000000	57500000	2500000	14	785	0.882668666667
chr14	57500000	60000000	2500000	14	786	0.8869972
chr14	60000000	62500000	2500000	14	787	0.9174016
chr14	62500000	65000000	2500000	14	788	0.9461576
chr14	65000000	67500000	2500000	14	789	0.932628
chr14	67500000	70000000	2500000	14	790	0.7497524
chr14	70000000	72500000	2500000	14	791	0.9147972
chr14	72500000	75000000	2500000	14	792	0.875918144445
chr14	75000000	77500000	2500000	14	793	0.933441455556
chr14	77500000	80000000	2500000	14	794	0.9124148
chr14	80000000	82500000	2500000	14	795	0.8523
chr14	82500000	85000000	2500000	14	796	0.8300164
chr14	85000000	87500000	2500000	14	797	0.868154
chr14	87500000	90000000	2500000	14	798	0.8406732
chr14	90000000	92500000	2500000	14	799	0.8326488
chr14	92500000	95000000	2500000	14	800	0.874578
chr14	95000000	97500000	2500000	14	801	0.8584156
chr14	97500000	100000000	2500000	14	802	0.9126712
chr14	100000000	102500000	2500000	14	803	0.8846008
chr14	102500000	105000000	2500000	14	804	0.8824806
chr14	105000000	107500000	2500000	14	805	0.8458374
chr14	107500000	110000000	2500000	14	806	0.8613232
chr14	110000000	112500000	2500000	14	807	0.8393852
chr14	112500000	115000000	2500000	14	808	0.8355256
chr14	115000000	117500000	2500000	14	809	0.8784176
chr14	117500000	120000000	2500000	14	810	0.917078588889
chr14	120000000	122500000	2500000	14	811	0.919783411111
chr14	122500000	124902244	2402244	14	812	0.761621841911
chr15	1	2500000	2499999	15	813	0.0
chr15	2500000	5000000	2500000	15	814	0.6083466
chr15	5000000	7500000	2500000	15	815	0.8637592
chr15	7500000	10000000	2500000	15	816	0.843306
chr15	10000000	12500000	2500000	15	817	0.901746
chr15	12500000	15000000	2500000	15	818	0.8716052
chr15	15000000	17500000	2500000	15	819	0.8497376
chr15	17500000	20000000	2500000	15	820	0.820057
chr15	20000000	22500000	2500000	15	821	0.8286994
chr15	22500000	25000000	2500000	15	822	0.835666
chr15	25000000	27500000	2500000	15	823	0.8919908
chr15	27500000	30000000	2500000	15	824	0.8743086
chr15	30000000	32500000	2500000	15	825	0.894901
chr15	32500000	35000000	2500000	15	826	0.8040784
chr15	35000000	37500000	2500000	15	827	0.8781464
chr15	37500000	40000000	2500000	15	828	0.8533388
chr15	40000000	42500000	2500000	15	829	0.8869796
chr15	42500000	45000000	2500000	15	830	0.8496544
chr15	45000000	47500000	2500000	15	831	0.8184596
chr15	47500000	50000000	2500000	15	832	0.852404
chr15	50000000	52500000	2500000	15	833	0.8819024
chr15	52500000	55000000	2500000	15	834	0.8766776
chr15	55000000	57500000	2500000	15	835	0.8594128
chr15	57500000	60000000	2500000	15	836	0.933439744445
chr15	60000000	62500000	2500000	15	837	0.871593455556
chr15	62500000	65000000	2500000	15	838	0.8637972
chr15	65000000	67500000	2500000	15	839	0.8737898
chr15	67500000	70000000	2500000	15	840	0.880800766667
chr15	70000000	72500000	2500000	15	841	0.875275033333
chr15	72500000	75000000	2500000	15	842	0.9364374
chr15	75000000	77500000	2500000	15	843	0.8579624
chr15	77500000	80000000	2500000	15	844	0.8963822
chr15	80000000	82500000	2500000	15	845	0.918672466667
chr15	82500000	85000000	2500000	15	846	0.906585133334
chr15	85000000	87500000	2500000	15	847	0.943698
chr15	87500000	90000000	2500000	15	848	0.919326
chr15	90000000	92500000	2500000	15	849	0.9140388
chr15	92500000	95000000	2500000	15	850	0.904854
chr15	95000000	97500000	2500000	15	851	0.9193756
chr15	97500000	100000000	2500000	15	852	0.9168925
chr15	100000000	102500000	2500000	15	853	0.9186591
chr15	102500000	104043685	1543685	15	854	0.777658330553
chr16	1	2500000	2499999	16	855	0.0
chr16	2500000	5000000	2500000	16	856	0.549295
chr16	5000000	7500000	2500000	16	857	0.9455756
chr16	7500000	10000000	2500000	16	858	0.8835968
chr16	10000000	12500000	2500000	16	859	0.9022248
chr16	12500000	15000000	2500000	16	860	0.8704832
chr16	15000000	17500000	2500000	16	861	0.8243708
chr16	17500000	20000000	2500000	16	862	0.8383676
chr16	20000000	22500000	2500000	16	863	0.8808008
chr16	22500000	25000000	2500000	16	864	0.928032211111
chr16	25000000	27500000	2500000	16	865	0.891988622222
chr16	27500000	30000000	2500000	16	866	0.896037966667
chr16	30000000	32500000	2500000	16	867	0.9139212
chr16	32500000	35000000	2500000	16	868	0.9324308
chr16	35000000	37500000	2500000	16	869	0.8884508
chr16	37500000	40000000	2500000	16	870	0.9063252
chr16	40000000	42500000	2500000	16	871	0.9206588
chr16	42500000	45000000	2500000	16	872	0.894066
chr16	45000000	47500000	2500000	16	873	0.864790033333
chr16	47500000	50000000	2500000	16	874	0.833097966667
chr16	50000000	52500000	2500000	16	875	0.881044
chr16	52500000	55000000	2500000	16	876	0.8338964
chr16	55000000	57500000	2500000	16	877	0.8602272
chr16	57500000	60000000	2500000	16	878	0.8170984
chr16	60000000	62500000	2500000	16	879	0.8302472
chr16	62500000	65000000	2500000	16	880	0.8560702
chr16	65000000	67500000	2500000	16	881	0.8631826
chr16	67500000	70000000	2500000	16	882	0.8522696
chr16	70000000	72500000	2500000	16	883	0.8614172
chr16	72500000	75000000	2500000	16	884	0.910394
chr16	75000000	77500000	2500000	16	885	0.895572
chr16	77500000	80000000	2500000	16	886	0.852155
chr16	80000000	82500000	2500000	16	887	0.8680538
chr16	82500000	85000000	2500000	16	888	0.8424604
chr16	85000000	87500000	2500000	16	889	0.8669896
chr16	87500000	90000000	2500000	16	890	0.8949016
chr16	90000000	92500000	2500000	16	891	0.9352732
chr16	92500000	95000000	2500000	16	892	0.9394792
chr16	95000000	97500000	2500000	16	893	0.9267324
chr16	97500000	98207768	707768	16	894	0.743033734218
chr17	1	2500000	2499999	17	895	0.0
chr17	2500000	5000000	2500000	17	896	0.7152598
chr17	5000000	7500000	2500000	17	897	0.650425
chr17	7500000	10000000	2500000	17	898	0.838089511111
chr17	10000000	12500000	2500000	17	899	0.924442688889
chr17	12500000	15000000	2500000	17	900	0.6851074
chr17	15000000	17500000	2500000	17	901	0.7606498
chr17	17500000	20000000	2500000	17	902	0.772632800001
chr17	20000000	22500000	2500000	17	903	0.725196700001
chr17	22500000	25000000	2500000	17	904	0.760313922222
chr17	25000000	27500000	2500000	17	905	0.932117377778
chr17	27500000	30000000	2500000	17	906	0.9249496
chr17	30000000	32500000	2500000	17	907	0.932004444445
chr17	32500000	35000000	2500000	17	908	0.810756355556
chr17	35000000	37500000	2500000	17	909	0.7858896
chr17	37500000	40000000	2500000	17	910	0.724459600001
chr17	40000000	42500000	2500000	17	911	0.757054
chr17	42500000	45000000	2500000	17	912	0.9243044
chr17	45000000	47500000	2500000	17	913	0.9276478
chr17	47500000	50000000	2500000	17	914	0.9349894
chr17	50000000	52500000	2500000	17	915	0.9093148
chr17	52500000	55000000	2500000	17	916	0.7962462
chr17	55000000	57500000	2500000	17	917	0.8582854
chr17	57500000	60000000	2500000	17	918	0.841418
chr17	60000000	62500000	2500000	17	919	0.860176
chr17	62500000	65000000	2500000	17	920	0.9132016
chr17	65000000	67500000	2500000	17	921	0.9004
chr17	67500000	70000000	2500000	17	922	0.8841748
chr17	70000000	72500000	2500000	17	923	0.9107816
chr17	72500000	75000000	2500000	17	924	0.9025208
chr17	75000000	77500000	2500000	17	925	0.8770924
chr17	77500000	80000000	2500000	17	926	0.9052736
chr17	80000000	82500000	2500000	17	927	0.8958916
chr17	82500000	85000000	2500000	17	928	0.9003932
chr17	85000000	87500000	2500000	17	929	0.9496392
chr17	87500000	90000000	2500000	17	930	0.8724544
chr17	90000000	92500000	2500000	17	931	0.8736896
chr17	92500000	94987271	2487271	17	932	0.774343648119
chr18	1	2500000	2499999	18	933	0.0
chr18	2500000	5000000	2500000	18	934	0.6301626
chr18	5000000	7500000	2500000	18	935	0.8307268
chr18	7500000	10000000	2500000	18	936	0.7994736
chr18	10000000	12500000	2500000	18	937	0.881366
chr18	12500000	15000000	2500000	18	938	0.9029484
chr18	15000000	17500000	2500000	18	939	0.860572
chr18	17500000	20000000	2500000	18	940	0.8172122
chr18	20000000	22500000	2500000	18	941	0.8719186
chr18	22500000	25000000	2500000	18	942	0.8852812
chr18	25000000	27500000	2500000	18	943	0.891144
chr18	27500000	30000000	2500000	18	944	0.8778216
chr18	30000000	32500000	2500000	18	945	0.894830988889
chr18	32500000	35000000	2500000	18	946	0.883361811111
chr18	35000000	37500000	2500000	18	947	0.8937752
chr18	37500000	40000000	2500000	18	948	0.9336504
chr18	40000000	42500000	2500000	18	949	0.8677028
chr18	42500000	45000000	2500000	18	950	0.9013336
chr18	45000000	47500000	2500000	18	951	0.8679264
chr18	47500000	50000000	2500000	18	952	0.8793308
chr18	50000000	52500000	2500000	18	953	0.8476096
chr18	52500000	55000000	2500000	18	954	0.9085384
chr18	55000000	57500000	2500000	18	955	0.91465
chr18	57500000	60000000	2500000	18	956	0.8945104
chr18	60000000	62500000	2500000	18	957	0.9114532
chr18	62500000	65000000	2500000	18	958	0.9208584
chr18	65000000	67500000	2500000	18	959	0.9198836
chr18	67500000	70000000	2500000	18	960	0.9334372
chr18	70000000	72500000	2500000	18	961	0.8809792
chr18	72500000	75000000	2500000	18	962	0.883718266667
chr18	75000000	77500000	2500000	18	963	0.915982533333
chr18	77500000	80000000	2500000	18	964	0.8866132
chr18	80000000	82500000	2500000	18	965	0.9089992
chr18	82500000	85000000	2500000	18	966	0.9282304
chr18	85000000	87500000	2500000	18	967	0.8320376
chr18	87500000	90000000	2500000	18	968	0.8148442
chr18	90000000	90702639	702639	18	969	0.557011495234
chr19	1	2500000	2499999	19	970	0.0
chr19	2500000	5000000	2500000	19	971	0.6757874
chr19	5000000	7500000	2500000	19	972	0.884547511111
chr19	7500000	10000000	2500000	19	973	0.640699288889
chr19	10000000	12500000	2500000	19	974	0.8745724
chr19	12500000	15000000	2500000	19	975	0.8392952
chr19	15000000	17500000	2500000	19	976	0.9205624
chr19	17500000	20000000	2500000	19	977	0.886002
chr19	20000000	22500000	2500000	19	978	0.888412
chr19	22500000	25000000	2500000	19	979	0.9323452
chr19	25000000	27500000	2500000	19	980	0.913948
chr19	27500000	30000000	2500000	19	981	0.934254
chr19	30000000	32500000	2500000	19	982	0.9112444
chr19	32500000	35000000	2500000	19	983	0.8245236
chr19	35000000	37500000	2500000	19	984	0.8956636
chr19	37500000	40000000	2500000	19	985	0.7880716
chr19	40000000	42500000	2500000	19	986	0.915894611111
chr19	42500000	45000000	2500000	19	987	0.926200188889
chr19	45000000	47500000	2500000	19	988	0.934648
chr19	47500000	50000000	2500000	19	989	0.9053906
chr19	50000000	52500000	2500000	19	990	0.8804294
chr19	52500000	55000000	2500000	19	991	0.9166286
chr19	55000000	57500000	2500000	19	992	0.956605844445
chr19	57500000	60000000	2500000	19	993	0.937431555556
chr19	60000000	61431566	1431566	19	994	0.80199690409
chrX	1	2500000	2499999	20	995	0.0
chrX	2500000	5000000	2500000	20	996	0.0446004
chrX	5000000	7500000	2500000	20	997	0.680582877778
chrX	7500000	10000000	2500000	20	998	0.702550122222
chrX	10000000	12500000	2500000	20	999	0.9050752
chrX	12500000	15000000	2500000	20	1000	0.8286772
chrX	15000000	17500000	2500000	20	1001	0.770419
chrX	17500000	20000000	2500000	20	1002	0.7378584
chrX	20000000	22500000	2500000	20	1003	0.798075
chrX	22500000	25000000	2500000	20	1004	0.5770706
chrX	25000000	27500000	2500000	20	1005	0.093576
chrX	27500000	30000000	2500000	20	1006	0.0145804
chrX	30000000	32500000	2500000	20	1007	0.0436276
chrX	32500000	35000000	2500000	20	1008	0.0551184
chrX	35000000	37500000	2500000	20	1009	0.577939433333
chrX	37500000	40000000	2500000	20	1010	0.694220366667
chrX	40000000	42500000	2500000	20	1011	0.8279444
chrX	42500000	45000000	2500000	20	1012	0.792766688889
chrX	45000000	47500000	2500000	20	1013	0.793248511111
chrX	47500000	50000000	2500000	20	1014	0.8392402
chrX	50000000	52500000	2500000	20	1015	0.840045
chrX	52500000	55000000	2500000	20	1016	0.5313202
chrX	55000000	57500000	2500000	20	1017	0.615153
chrX	57500000	60000000	2500000	20	1018	0.8221828
chrX	60000000	62500000	2500000	20	1019	0.815862
chrX	62500000	65000000	2500000	20	1020	0.7575906
chrX	65000000	67500000	2500000	20	1021	0.748313988889
chrX	67500000	70000000	2500000	20	1022	0.785950611111
chrX	70000000	72500000	2500000	20	1023	0.791108
chrX	72500000	75000000	2500000	20	1024	0.702656766667
chrX	75000000	77500000	2500000	20	1025	0.722668544445
chrX	77500000	80000000	2500000	20	1026	0.729384688889
chrX	80000000	82500000	2500000	20	1027	0.7389296
chrX	82500000	85000000	2500000	20	1028	0.843807766667
chrX	85000000	87500000	2500000	20	1029	0.8461408
chrX	87500000	90000000	2500000	20	1030	0.795068233334
chrX	90000000	92500000	2500000	20	1031	0.6562772
chrX	92500000	95000000	2500000	20	1032	0.7747212
chrX	95000000	97500000	2500000	20	1033	0.7840246
chrX	97500000	100000000	2500000	20	1034	0.848631
chrX	100000000	102500000	2500000	20	1035	0.8863364
chrX	102500000	105000000	2500000	20	1036	0.7707796
chrX	105000000	107500000	2500000	20	1037	0.796929633334
chrX	107500000	110000000	2500000	20	1038	0.760263566667
chrX	110000000	112500000	2500000	20	1039	0.734082
chrX	112500000	115000000	2500000	20	1040	0.7739576
chrX	115000000	117500000	2500000	20	1041	0.7837696
chrX	117500000	120000000	2500000	20	1042	0.7814612
chrX	120000000	122500000	2500000	20	1043	0.779132000001
chrX	122500000	125000000	2500000	20	1044	0.2241074
chrX	125000000	127500000	2500000	20	1045	0.372454577778
chrX	127500000	130000000	2500000	20	1046	0.794536688889
chrX	130000000	132500000	2500000	20	1047	0.853547733334
chrX	132500000	135000000	2500000	20	1048	0.861084833334
chrX	135000000	137500000	2500000	20	1049	0.696585966667
chrX	137500000	140000000	2500000	20	1050	0.864661177778
chrX	140000000	142500000	2500000	20	1051	0.838339222222
chrX	142500000	145000000	2500000	20	1052	0.843809066667
chrX	145000000	147500000	2500000	20	1053	0.811306133334
chrX	147500000	150000000	2500000	20	1054	0.1337086
chrX	150000000	152500000	2500000	20	1055	0.7701964
chrX	152500000	155000000	2500000	20	1056	0.737342000001
chrX	155000000	157500000	2500000	20	1057	0.7858134
chrX	157500000	160000000	2500000	20	1058	0.8455612
chrX	160000000	162500000	2500000	20	1059	0.8666764
chrX	162500000	165000000	2500000	20	1060	0.8627748
chrX	165000000	167500000	2500000	20	1061	0.844752
chrX	167500000	170000000	2500000	20	1062	0.871723
chrX	170000000	171031299	1031299	20	1063	0.00913992935124
chrY	1	2500000	2499999	21	1064	0.446739178696
chrY	2500000	5000000	2500000	21	1065	0.197037922222
chrY	5000000	7500000	2500000	21	1066	0.234807477778
chrY	7500000	10000000	2500000	21	1067	0.1408906
chrY	10000000	12500000	2500000	21	1068	0.070677
chrY	12500000	15000000	2500000	21	1069	0.0042708
chrY	15000000	17500000	2500000	21	1070	0.01069
chrY	17500000	20000000	2500000	21	1071	0.0019156
chrY	20000000	22500000	2500000	21	1072	0.0370308
chrY	22500000	25000000	2500000	21	1073	0.0119816
chrY	25000000	27500000	2500000	21	1074	0.0020532
chrY	27500000	30000000	2500000	21	1075	0.0294252
chrY	30000000	32500000	2500000	21	1076	0.0085416
chrY	32500000	35000000	2500000	21	1077	0.0140448
chrY	35000000	37500000	2500000	21	1078	0.0203684
chrY	37500000	40000000	2500000	21	1079	0.0533536
chrY	40000000	42500000	2500000	21	1080	0.0816156
chrY	42500000	45000000	2500000	21	1081	0.053258
chrY	45000000	47500000	2500000	21	1082	0.0049828
chrY	47500000	50000000	2500000	21	1083	0.0006808
chrY	50000000	52500000	2500000	21	1084	0.0007076
chrY	52500000	55000000	2500000	21	1085	0.002788
chrY	55000000	57500000	2500000	21	1086	0.0040776
chrY	57500000	60000000	2500000	21	1087	0.0088132
chrY	60000000	62500000	2500000	21	1088	0.0019928
chrY	62500000	65000000	2500000	21	1089	0.0004952
chrY	65000000	67500000	2500000	21	1090	0.0007632
chrY	67500000	70000000	2500000	21	1091	0.0086256
chrY	70000000	72500000	2500000	21	1092	0.0081384
chrY	72500000	75000000	2500000	21	1093	0.0152504
chrY	75000000	77500000	2500000	21	1094	0.0222848
chrY	77500000	80000000	2500000	21	1095	0.0081044
chrY	80000000	82500000	2500000	21	1096	0.0204288
chrY	82500000	85000000	2500000	21	1097	0.0374668
chrY	85000000	87500000	2500000	21	1098	0.043724
chrY	87500000	90000000	2500000	21	1099	0.0728268
chrY	90000000	91744698	1744698	21	1100	0.0279079817825
chrM	1	16299	16298	22	1101	0.605225930925
