chr1	1	2500000	2499999	1	1	0	0.0
chr1	2500000	5000000	2500000	1	2	786924.0	0.3147696
chr1	5000000	7500000	2500000	1	3	988537.0	0.3954148
chr1	7500000	10000000	2500000	1	4	973661.0	0.3894644
chr1	10000000	12500000	2500000	1	5	982846.0	0.3931384
chr1	12500000	15000000	2500000	1	6	1044379.0	0.4177516
chr1	15000000	17500000	2500000	1	7	1017838.0	0.4071352
chr1	17500000	20000000	2500000	1	8	962539.0	0.3850156
chr1	20000000	22500000	2500000	1	9	997623.335	0.399049334
chr1	22500000	25000000	2500000	1	10	1001565.0	0.400626
chr1	25000000	27500000	2500000	1	11	932895.25	0.3731581
chr1	27500000	30000000	2500000	1	12	910374.0	0.3641496
chr1	30000000	32500000	2500000	1	13	964408.0	0.3857632
chr1	32500000	35000000	2500000	1	14	1059732.0	0.4238928
chr1	35000000	37500000	2500000	1	15	1138961.0	0.4555844
chr1	37500000	40000000	2500000	1	16	1117586.0	0.4470344
chr1	40000000	42500000	2500000	1	17	1025982.0	0.4103928
chr1	42500000	45000000	2500000	1	18	1028890.0	0.411556
chr1	45000000	47500000	2500000	1	19	973606.0	0.3894424
chr1	47500000	50000000	2500000	1	20	918019.0	0.3672076
chr1	50000000	52500000	2500000	1	21	982354.0	0.3929416
chr1	52500000	55000000	2500000	1	22	1021073.0	0.4084292
chr1	55000000	57500000	2500000	1	23	1011338.0	0.4045352
chr1	57500000	60000000	2500000	1	24	1067992.0	0.4271968
chr1	60000000	62500000	2500000	1	25	1001069.0	0.4004276
chr1	62500000	65000000	2500000	1	26	1060907.0	0.4243628
chr1	65000000	67500000	2500000	1	27	981210.0	0.392484
chr1	67500000	70000000	2500000	1	28	940582.0	0.3762328
chr1	70000000	72500000	2500000	1	29	1013868.0	0.4055472
chr1	72500000	75000000	2500000	1	30	1130849.0	0.4523396
chr1	75000000	77500000	2500000	1	31	1045753.75	0.4183015
chr1	77500000	80000000	2500000	1	32	1042025.835	0.416810334
chr1	80000000	82500000	2500000	1	33	992611.0	0.3970444
chr1	82500000	85000000	2500000	1	34	1031900.0	0.41276
chr1	85000000	87500000	2500000	1	35	1076667.165	0.430666866
chr1	87500000	90000000	2500000	1	36	1154710.0	0.461884
chr1	90000000	92500000	2500000	1	37	1181535.0	0.472614
chr1	92500000	95000000	2500000	1	38	1094046.0	0.4376184
chr1	95000000	97500000	2500000	1	39	932574.0	0.3730296
chr1	97500000	100000000	2500000	1	40	963158.0	0.3852632
chr1	100000000	102500000	2500000	1	41	954858.0	0.3819432
chr1	102500000	105000000	2500000	1	42	948717.0	0.3794868
chr1	105000000	107500000	2500000	1	43	1027510.0	0.411004
chr1	107500000	110000000	2500000	1	44	927266.0	0.3709064
chr1	110000000	112500000	2500000	1	45	914858.0	0.3659432
chr1	112500000	115000000	2500000	1	46	963336.0	0.3853344
chr1	115000000	117500000	2500000	1	47	956768.0	0.3827072
chr1	117500000	120000000	2500000	1	48	1093017.0	0.4372068
chr1	120000000	122500000	2500000	1	49	1086642.0	0.4346568
chr1	122500000	125000000	2500000	1	50	961770.0	0.384708
chr1	125000000	127500000	2500000	1	51	1078372.0	0.4313488
chr1	127500000	130000000	2500000	1	52	1038128.0	0.4152512
chr1	130000000	132500000	2500000	1	53	1103601.0	0.4414404
chr1	132500000	135000000	2500000	1	54	1179600.0	0.47184
chr1	135000000	137500000	2500000	1	55	1146557.0	0.4586228
chr1	137500000	140000000	2500000	1	56	979485.0	0.391794
chr1	140000000	142500000	2500000	1	57	912568.0	0.3650272
chr1	142500000	145000000	2500000	1	58	935300.0	0.37412
chr1	145000000	147500000	2500000	1	59	907454.0	0.3629816
chr1	147500000	150000000	2500000	1	60	927563.0	0.3710252
chr1	150000000	152500000	2500000	1	61	1038635.0	0.415454
chr1	152500000	155000000	2500000	1	62	1100260.0	0.440104
chr1	155000000	157500000	2500000	1	63	1058346.165	0.423338466
chr1	157500000	160000000	2500000	1	64	1035982.0	0.4143928
chr1	160000000	162500000	2500000	1	65	1019778.0	0.4079112
chr1	162500000	165000000	2500000	1	66	1027903.0	0.4111612
chr1	165000000	167500000	2500000	1	67	1089662.0	0.4358648
chr1	167500000	170000000	2500000	1	68	1049930.085	0.419972034
chr1	170000000	172500000	2500000	1	69	1120069.585	0.448027834
chr1	172500000	175000000	2500000	1	70	996378.0	0.3985512
chr1	175000000	177500000	2500000	1	71	1026313.0	0.4105252
chr1	177500000	180000000	2500000	1	72	1091170.0	0.436468
chr1	180000000	182500000	2500000	1	73	1128952.0	0.4515808
chr1	182500000	185000000	2500000	1	74	1072179.165	0.428871666
chr1	185000000	187500000	2500000	1	75	1074138.0	0.4296552
chr1	187500000	190000000	2500000	1	76	1088828.0	0.4355312
chr1	190000000	192500000	2500000	1	77	1125359.25	0.4501437
chr1	192500000	195000000	2500000	1	78	1074618.0	0.4298472
chr1	195000000	195471971	471971	1	79	148347.0	0.314313803179
chr2	1	2500000	2499999	2	80	0	0.0
chr2	2500000	5000000	2500000	2	81	851039.0	0.3404156
chr2	5000000	7500000	2500000	2	82	1066437.0	0.4265748
chr2	7500000	10000000	2500000	2	83	979459.0	0.3917836
chr2	10000000	12500000	2500000	2	84	1056545.0	0.422618
chr2	12500000	15000000	2500000	2	85	1002355.0	0.400942
chr2	15000000	17500000	2500000	2	86	962274.0	0.3849096
chr2	17500000	20000000	2500000	2	87	1042675.0	0.41707
chr2	20000000	22500000	2500000	2	88	990318.0	0.3961272
chr2	22500000	25000000	2500000	2	89	1008265.835	0.403306334
chr2	25000000	27500000	2500000	2	90	1239431.0	0.4957724
chr2	27500000	30000000	2500000	2	91	1224338.0	0.4897352
chr2	30000000	32500000	2500000	2	92	1252413.0	0.5009652
chr2	32500000	35000000	2500000	2	93	1178847.0	0.4715388
chr2	35000000	37500000	2500000	2	94	1076101.0	0.4304404
chr2	37500000	40000000	2500000	2	95	1044186.0	0.4176744
chr2	40000000	42500000	2500000	2	96	915247.0	0.3660988
chr2	42500000	45000000	2500000	2	97	949829.0	0.3799316
chr2	45000000	47500000	2500000	2	98	940450.0	0.37618
chr2	47500000	50000000	2500000	2	99	989053.0	0.3956212
chr2	50000000	52500000	2500000	2	100	1027989.0	0.4111956
chr2	52500000	55000000	2500000	2	101	979639.0	0.3918556
chr2	55000000	57500000	2500000	2	102	951485.0	0.380594
chr2	57500000	60000000	2500000	2	103	1014829.0	0.4059316
chr2	60000000	62500000	2500000	2	104	1009098.0	0.4036392
chr2	62500000	65000000	2500000	2	105	947055.0	0.378822
chr2	65000000	67500000	2500000	2	106	974499.0	0.3897996
chr2	67500000	70000000	2500000	2	107	1022080.0	0.408832
chr2	70000000	72500000	2500000	2	108	1087762.0	0.4351048
chr2	72500000	75000000	2500000	2	109	1057996.0	0.4231984
chr2	75000000	77500000	2500000	2	110	1057550.0	0.42302
chr2	77500000	80000000	2500000	2	111	991439.0	0.3965756
chr2	80000000	82500000	2500000	2	112	955028.0	0.3820112
chr2	82500000	85000000	2500000	2	113	1001376.0	0.4005504
chr2	85000000	87500000	2500000	2	114	942952.0	0.3771808
chr2	87500000	90000000	2500000	2	115	922664.0	0.3690656
chr2	90000000	92500000	2500000	2	116	1101107.0	0.4404428
chr2	92500000	95000000	2500000	2	117	1152266.0	0.4609064
chr2	95000000	97500000	2500000	2	118	933909.0	0.3735636
chr2	97500000	100000000	2500000	2	119	917627.0	0.3670508
chr2	100000000	102500000	2500000	2	120	1003635.0	0.401454
chr2	102500000	105000000	2500000	2	121	1078445.0	0.431378
chr2	105000000	107500000	2500000	2	122	1028497.0	0.4113988
chr2	107500000	110000000	2500000	2	123	956895.0	0.382758
chr2	110000000	112500000	2500000	2	124	958048.0	0.3832192
chr2	112500000	115000000	2500000	2	125	1008830.915	0.403532366
chr2	115000000	117500000	2500000	2	126	1009589.0	0.4038356
chr2	117500000	120000000	2500000	2	127	1104411.0	0.4417644
chr2	120000000	122500000	2500000	2	128	1100112.0	0.4400448
chr2	122500000	125000000	2500000	2	129	1005004.0	0.4020016
chr2	125000000	127500000	2500000	2	130	1074587.0	0.4298348
chr2	127500000	130000000	2500000	2	131	1112194.0	0.4448776
chr2	130000000	132500000	2500000	2	132	1124368.0	0.4497472
chr2	132500000	135000000	2500000	2	133	1013183.0	0.4052732
chr2	135000000	137500000	2500000	2	134	1011784.0	0.4047136
chr2	137500000	140000000	2500000	2	135	978609.0	0.3914436
chr2	140000000	142500000	2500000	2	136	975221.0	0.3900884
chr2	142500000	145000000	2500000	2	137	1068404.0	0.4273616
chr2	145000000	147500000	2500000	2	138	1067085.0	0.426834
chr2	147500000	150000000	2500000	2	139	1027286.0	0.4109144
chr2	150000000	152500000	2500000	2	140	1108807.0	0.4435228
chr2	152500000	155000000	2500000	2	141	1163313.0	0.4653252
chr2	155000000	157500000	2500000	2	142	1164539.0	0.4658156
chr2	157500000	160000000	2500000	2	143	1130348.0	0.4521392
chr2	160000000	162500000	2500000	2	144	1079982.0	0.4319928
chr2	162500000	165000000	2500000	2	145	1177332.0	0.4709328
chr2	165000000	167500000	2500000	2	146	1238765.0	0.495506
chr2	167500000	170000000	2500000	2	147	1218778.0	0.4875112
chr2	170000000	172500000	2500000	2	148	1125264.0	0.4501056
chr2	172500000	175000000	2500000	2	149	1192903.755	0.477161502
chr2	175000000	177500000	2500000	2	150	863137.415	0.345254966
chr2	177500000	180000000	2500000	2	151	1100048.165	0.440019266
chr2	180000000	182113224	2113224	2	152	959605.75	0.454095614095
chr3	1	2500000	2499999	3	153	0	0.0
chr3	2500000	5000000	2500000	3	154	765867.75	0.3063471
chr3	5000000	7500000	2500000	3	155	947325.0	0.37893
chr3	7500000	10000000	2500000	3	156	1056527.0	0.4226108
chr3	10000000	12500000	2500000	3	157	967993.0	0.3871972
chr3	12500000	15000000	2500000	3	158	946089.0	0.3784356
chr3	15000000	17500000	2500000	3	159	905040.0	0.362016
chr3	17500000	20000000	2500000	3	160	991646.0	0.3966584
chr3	20000000	22500000	2500000	3	161	1000082.5	0.400033
chr3	22500000	25000000	2500000	3	162	937958.0	0.3751832
chr3	25000000	27500000	2500000	3	163	992703.0	0.3970812
chr3	27500000	30000000	2500000	3	164	1037765.0	0.415106
chr3	30000000	32500000	2500000	3	165	1057000.0	0.4228
chr3	32500000	35000000	2500000	3	166	1061816.0	0.4247264
chr3	35000000	37500000	2500000	3	167	1037797.0	0.4151188
chr3	37500000	40000000	2500000	3	168	1034017.0	0.4136068
chr3	40000000	42500000	2500000	3	169	982520.165	0.393008066
chr3	42500000	45000000	2500000	3	170	915658.0	0.3662632
chr3	45000000	47500000	2500000	3	171	916211.0	0.3664844
chr3	47500000	50000000	2500000	3	172	932099.0	0.3728396
chr3	50000000	52500000	2500000	3	173	1056851.0	0.4227404
chr3	52500000	55000000	2500000	3	174	1062838.5	0.4251354
chr3	55000000	57500000	2500000	3	175	1015585.0	0.406234
chr3	57500000	60000000	2500000	3	176	1016584.0	0.4066336
chr3	60000000	62500000	2500000	3	177	964399.0	0.3857596
chr3	62500000	65000000	2500000	3	178	979321.0	0.3917284
chr3	65000000	67500000	2500000	3	179	1019279.0	0.4077116
chr3	67500000	70000000	2500000	3	180	1056350.0	0.42254
chr3	70000000	72500000	2500000	3	181	924467.0	0.3697868
chr3	72500000	75000000	2500000	3	182	916283.0	0.3665132
chr3	75000000	77500000	2500000	3	183	933319.0	0.3733276
chr3	77500000	80000000	2500000	3	184	998448.0	0.3993792
chr3	80000000	82500000	2500000	3	185	963196.0	0.3852784
chr3	82500000	85000000	2500000	3	186	1069484.0	0.4277936
chr3	85000000	87500000	2500000	3	187	1057296.75	0.4229187
chr3	87500000	90000000	2500000	3	188	1197798.0	0.4791192
chr3	90000000	92500000	2500000	3	189	1015061.0	0.4060244
chr3	92500000	95000000	2500000	3	190	1057799.5	0.4231198
chr3	95000000	97500000	2500000	3	191	1123441.5	0.4493766
chr3	97500000	100000000	2500000	3	192	1060409.0	0.4241636
chr3	100000000	102500000	2500000	3	193	1114911.0	0.4459644
chr3	102500000	105000000	2500000	3	194	1070977.0	0.4283908
chr3	105000000	107500000	2500000	3	195	1059472.0	0.4237888
chr3	107500000	110000000	2500000	3	196	1091797.0	0.4367188
chr3	110000000	112500000	2500000	3	197	924180.0	0.369672
chr3	112500000	115000000	2500000	3	198	870340.165	0.348136066
chr3	115000000	117500000	2500000	3	199	1022309.0	0.4089236
chr3	117500000	120000000	2500000	3	200	961649.0	0.3846596
chr3	120000000	122500000	2500000	3	201	1060207.0	0.4240828
chr3	122500000	125000000	2500000	3	202	989766.0	0.3959064
chr3	125000000	127500000	2500000	3	203	973381.0	0.3893524
chr3	127500000	130000000	2500000	3	204	1038124.0	0.4152496
chr3	130000000	132500000	2500000	3	205	1017163.25	0.4068653
chr3	132500000	135000000	2500000	3	206	994881.0	0.3979524
chr3	135000000	137500000	2500000	3	207	1006919.0	0.4027676
chr3	137500000	140000000	2500000	3	208	1036562.0	0.4146248
chr3	140000000	142500000	2500000	3	209	950511.0	0.3802044
chr3	142500000	145000000	2500000	3	210	1033616.0	0.4134464
chr3	145000000	147500000	2500000	3	211	1065878.0	0.4263512
chr3	147500000	150000000	2500000	3	212	1000159.0	0.4000636
chr3	150000000	152500000	2500000	3	213	979015.0	0.391606
chr3	152500000	155000000	2500000	3	214	1102984.0	0.4411936
chr3	155000000	157500000	2500000	3	215	975672.0	0.3902688
chr3	157500000	160000000	2500000	3	216	948900.0	0.37956
chr3	160000000	160039680	39680	3	217	0	0.0
chr4	1	2500000	2499999	4	218	0	0.0
chr4	2500000	5000000	2500000	4	219	794104.0	0.3176416
chr4	5000000	7500000	2500000	4	220	994925.0	0.39797
chr4	7500000	10000000	2500000	4	221	1043306.0	0.4173224
chr4	10000000	12500000	2500000	4	222	1044969.0	0.4179876
chr4	12500000	15000000	2500000	4	223	978700.0	0.39148
chr4	15000000	17500000	2500000	4	224	965057.0	0.3860228
chr4	17500000	20000000	2500000	4	225	940017.0	0.3760068
chr4	20000000	22500000	2500000	4	226	996078.0	0.3984312
chr4	22500000	25000000	2500000	4	227	957743.0	0.3830972
chr4	25000000	27500000	2500000	4	228	940971.0	0.3763884
chr4	27500000	30000000	2500000	4	229	919284.0	0.3677136
chr4	30000000	32500000	2500000	4	230	993426.0	0.3973704
chr4	32500000	35000000	2500000	4	231	1057324.5	0.4229298
chr4	35000000	37500000	2500000	4	232	954449.0	0.3817796
chr4	37500000	40000000	2500000	4	233	937387.0	0.3749548
chr4	40000000	42500000	2500000	4	234	1117821.165	0.447128466
chr4	42500000	45000000	2500000	4	235	1140594.0	0.4562376
chr4	45000000	47500000	2500000	4	236	1184390.0	0.473756
chr4	47500000	50000000	2500000	4	237	1037539.0	0.4150156
chr4	50000000	52500000	2500000	4	238	936918.0	0.3747672
chr4	52500000	55000000	2500000	4	239	1036723.0	0.4146892
chr4	55000000	57500000	2500000	4	240	1092226.0	0.4368904
chr4	57500000	60000000	2500000	4	241	1066201.0	0.4264804
chr4	60000000	62500000	2500000	4	242	868917.915	0.347567166
chr4	62500000	65000000	2500000	4	243	1090433.0	0.4361732
chr4	65000000	67500000	2500000	4	244	982701.0	0.3930804
chr4	67500000	70000000	2500000	4	245	951243.0	0.3804972
chr4	70000000	72500000	2500000	4	246	981923.0	0.3927692
chr4	72500000	75000000	2500000	4	247	965004.0	0.3860016
chr4	75000000	77500000	2500000	4	248	939020.0	0.375608
chr4	77500000	80000000	2500000	4	249	915941.0	0.3663764
chr4	80000000	82500000	2500000	4	250	982576.0	0.3930304
chr4	82500000	85000000	2500000	4	251	1047344.0	0.4189376
chr4	85000000	87500000	2500000	4	252	1028884.0	0.4115536
chr4	87500000	90000000	2500000	4	253	1007782.25	0.4031129
chr4	90000000	92500000	2500000	4	254	949876.0	0.3799504
chr4	92500000	95000000	2500000	4	255	953306.0	0.3813224
chr4	95000000	97500000	2500000	4	256	1001206.0	0.4004824
chr4	97500000	100000000	2500000	4	257	1043918.0	0.4175672
chr4	100000000	102500000	2500000	4	258	1067647.0	0.4270588
chr4	102500000	105000000	2500000	4	259	1065068.0	0.4260272
chr4	105000000	107500000	2500000	4	260	1135699.0	0.4542796
chr4	107500000	110000000	2500000	4	261	1083499.0	0.4333996
chr4	110000000	112500000	2500000	4	262	993262.0	0.3973048
chr4	112500000	115000000	2500000	4	263	993406.0	0.3973624
chr4	115000000	117500000	2500000	4	264	1098469.0	0.4393876
chr4	117500000	120000000	2500000	4	265	1169537.0	0.4678148
chr4	120000000	122500000	2500000	4	266	1052474.415	0.420989766
chr4	122500000	125000000	2500000	4	267	1140476.0	0.4561904
chr4	125000000	127500000	2500000	4	268	1177460.0	0.470984
chr4	127500000	130000000	2500000	4	269	1184431.0	0.4737724
chr4	130000000	132500000	2500000	4	270	1119254.585	0.447701834
chr4	132500000	135000000	2500000	4	271	1211383.0	0.4845532
chr4	135000000	137500000	2500000	4	272	1220179.0	0.4880716
chr4	137500000	140000000	2500000	4	273	1243375.0	0.49735
chr4	140000000	142500000	2500000	4	274	1263728.25	0.5054913
chr4	142500000	145000000	2500000	4	275	1085828.0	0.4343312
chr4	145000000	147500000	2500000	4	276	852233.335	0.340893334
chr4	147500000	150000000	2500000	4	277	1196235.0	0.478494
chr4	150000000	152500000	2500000	4	278	1224481.0	0.4897924
chr4	152500000	155000000	2500000	4	279	1258370.0	0.503348
chr4	155000000	156508116	1508116	4	280	634812.25	0.420930651223
chr5	1	2500000	2499999	5	281	0	0.0
chr5	2500000	5000000	2500000	5	282	826341.0	0.3305364
chr5	5000000	7500000	2500000	5	283	966787.0	0.3867148
chr5	7500000	10000000	2500000	5	284	994056.0	0.3976224
chr5	10000000	12500000	2500000	5	285	937433.0	0.3749732
chr5	12500000	15000000	2500000	5	286	938265.0	0.375306
chr5	15000000	17500000	2500000	5	287	810096.5	0.3240386
chr5	17500000	20000000	2500000	5	288	954579.0	0.3818316
chr5	20000000	22500000	2500000	5	289	1037680.0	0.415072
chr5	22500000	25000000	2500000	5	290	1102383.0	0.4409532
chr5	25000000	27500000	2500000	5	291	1083965.0	0.433586
chr5	27500000	30000000	2500000	5	292	1089579.0	0.4358316
chr5	30000000	32500000	2500000	5	293	1116009.25	0.4464037
chr5	32500000	35000000	2500000	5	294	1122882.0	0.4491528
chr5	35000000	37500000	2500000	5	295	1232180.5	0.4928722
chr5	37500000	40000000	2500000	5	296	1084337.0	0.4337348
chr5	40000000	42500000	2500000	5	297	979252.0	0.3917008
chr5	42500000	45000000	2500000	5	298	1033116.0	0.4132464
chr5	45000000	47500000	2500000	5	299	970137.0	0.3880548
chr5	47500000	50000000	2500000	5	300	952648.0	0.3810592
chr5	50000000	52500000	2500000	5	301	1007047.0	0.4028188
chr5	52500000	55000000	2500000	5	302	1055954.0	0.4223816
chr5	55000000	57500000	2500000	5	303	908481.0	0.3633924
chr5	57500000	60000000	2500000	5	304	919039.0	0.3676156
chr5	60000000	62500000	2500000	5	305	915308.0	0.3661232
chr5	62500000	65000000	2500000	5	306	1035719.0	0.4142876
chr5	65000000	67500000	2500000	5	307	1096660.0	0.438664
chr5	67500000	70000000	2500000	5	308	968834.0	0.3875336
chr5	70000000	72500000	2500000	5	309	953885.0	0.381554
chr5	72500000	75000000	2500000	5	310	1099605.5	0.4398422
chr5	75000000	77500000	2500000	5	311	1091774.165	0.436709666
chr5	77500000	80000000	2500000	5	312	944995.0	0.377998
chr5	80000000	82500000	2500000	5	313	920001.0	0.3680004
chr5	82500000	85000000	2500000	5	314	906088.0	0.3624352
chr5	85000000	87500000	2500000	5	315	947624.0	0.3790496
chr5	87500000	90000000	2500000	5	316	992815.0	0.397126
chr5	90000000	92500000	2500000	5	317	1043541.0	0.4174164
chr5	92500000	95000000	2500000	5	318	1032804.0	0.4131216
chr5	95000000	97500000	2500000	5	319	1032348.0	0.4129392
chr5	97500000	100000000	2500000	5	320	1035654.0	0.4142616
chr5	100000000	102500000	2500000	5	321	1096183.0	0.4384732
chr5	102500000	105000000	2500000	5	322	1059646.0	0.4238584
chr5	105000000	107500000	2500000	5	323	1090827.0	0.4363308
chr5	107500000	110000000	2500000	5	324	1030560.0	0.412224
chr5	110000000	112500000	2500000	5	325	1200047.0	0.4800188
chr5	112500000	115000000	2500000	5	326	1249396.5	0.4997586
chr5	115000000	117500000	2500000	5	327	1195088.0	0.4780352
chr5	117500000	120000000	2500000	5	328	1204591.0	0.4818364
chr5	120000000	122500000	2500000	5	329	1229282.0	0.4917128
chr5	122500000	125000000	2500000	5	330	1157589.835	0.463035934
chr5	125000000	127500000	2500000	5	331	1143059.0	0.4572236
chr5	127500000	130000000	2500000	5	332	1148010.0	0.459204
chr5	130000000	132500000	2500000	5	333	1107518.0	0.4430072
chr5	132500000	135000000	2500000	5	334	1137365.0	0.454946
chr5	135000000	137500000	2500000	5	335	1188802.75	0.4755211
chr5	137500000	140000000	2500000	5	336	1184419.915	0.473767966
chr5	140000000	142500000	2500000	5	337	1182550.0	0.47302
chr5	142500000	145000000	2500000	5	338	1173098.25	0.4692393
chr5	145000000	147500000	2500000	5	339	1115253.0	0.4461012
chr5	147500000	150000000	2500000	5	340	1143187.495	0.457274998
chr5	150000000	151834684	1834684	5	341	739490.5	0.40306150814
chr6	1	2500000	2499999	6	342	0	0.0
chr6	2500000	5000000	2500000	6	343	776033.0	0.3104132
chr6	5000000	7500000	2500000	6	344	1030566.0	0.4122264
chr6	7500000	10000000	2500000	6	345	982755.0	0.393102
chr6	10000000	12500000	2500000	6	346	945771.0	0.3783084
chr6	12500000	15000000	2500000	6	347	955217.0	0.3820868
chr6	15000000	17500000	2500000	6	348	957745.0	0.383098
chr6	17500000	20000000	2500000	6	349	968957.0	0.3875828
chr6	20000000	22500000	2500000	6	350	952564.0	0.3810256
chr6	22500000	25000000	2500000	6	351	990027.0	0.3960108
chr6	25000000	27500000	2500000	6	352	930933.0	0.3723732
chr6	27500000	30000000	2500000	6	353	1074394.0	0.4297576
chr6	30000000	32500000	2500000	6	354	1085592.75	0.4342371
chr6	32500000	35000000	2500000	6	355	1059364.0	0.4237456
chr6	35000000	37500000	2500000	6	356	1023224.0	0.4092896
chr6	37500000	40000000	2500000	6	357	1088208.0	0.4352832
chr6	40000000	42500000	2500000	6	358	1016671.0	0.4066684
chr6	42500000	45000000	2500000	6	359	964108.0	0.3856432
chr6	45000000	47500000	2500000	6	360	950927.0	0.3803708
chr6	47500000	50000000	2500000	6	361	1087368.5	0.4349474
chr6	50000000	52500000	2500000	6	362	1100253.0	0.4401012
chr6	52500000	55000000	2500000	6	363	1094408.0	0.4377632
chr6	55000000	57500000	2500000	6	364	1047519.0	0.4190076
chr6	57500000	60000000	2500000	6	365	980697.0	0.3922788
chr6	60000000	62500000	2500000	6	366	937114.0	0.3748456
chr6	62500000	65000000	2500000	6	367	945129.0	0.3780516
chr6	65000000	67500000	2500000	6	368	1002646.0	0.4010584
chr6	67500000	70000000	2500000	6	369	959711.0	0.3838844
chr6	70000000	72500000	2500000	6	370	1081558.0	0.4326232
chr6	72500000	75000000	2500000	6	371	1017964.0	0.4071856
chr6	75000000	77500000	2500000	6	372	939191.0	0.3756764
chr6	77500000	80000000	2500000	6	373	954778.0	0.3819112
chr6	80000000	82500000	2500000	6	374	999178.0	0.3996712
chr6	82500000	85000000	2500000	6	375	1142253.0	0.4569012
chr6	85000000	87500000	2500000	6	376	1141705.0	0.456682
chr6	87500000	90000000	2500000	6	377	1158196.0	0.4632784
chr6	90000000	92500000	2500000	6	378	1170905.0	0.468362
chr6	92500000	95000000	2500000	6	379	1068121.0	0.4272484
chr6	95000000	97500000	2500000	6	380	1034628.0	0.4138512
chr6	97500000	100000000	2500000	6	381	1074467.0	0.4297868
chr6	100000000	102500000	2500000	6	382	1066554.0	0.4266216
chr6	102500000	105000000	2500000	6	383	943423.0	0.3773692
chr6	105000000	107500000	2500000	6	384	956415.0	0.382566
chr6	107500000	110000000	2500000	6	385	1017597.0	0.4070388
chr6	110000000	112500000	2500000	6	386	986398.0	0.3945592
chr6	112500000	115000000	2500000	6	387	1189755.0	0.475902
chr6	115000000	117500000	2500000	6	388	1097473.0	0.4389892
chr6	117500000	120000000	2500000	6	389	1122252.0	0.4489008
chr6	120000000	122500000	2500000	6	390	1104392.75	0.4417571
chr6	122500000	125000000	2500000	6	391	1056858.0	0.4227432
chr6	125000000	127500000	2500000	6	392	1152256.0	0.4609024
chr6	127500000	130000000	2500000	6	393	1084252.0	0.4337008
chr6	130000000	132500000	2500000	6	394	954539.0	0.3818156
chr6	132500000	135000000	2500000	6	395	1014990.0	0.405996
chr6	135000000	137500000	2500000	6	396	1104593.0	0.4418372
chr6	137500000	140000000	2500000	6	397	983363.25	0.3933453
chr6	140000000	142500000	2500000	6	398	1039206.0	0.4156824
chr6	142500000	145000000	2500000	6	399	1081535.0	0.432614
chr6	145000000	147500000	2500000	6	400	1094056.835	0.437622734
chr6	147500000	149736546	2236546	6	401	865879.0	0.387150096622
chr7	1	2500000	2499999	7	402	0	0.0
chr7	2500000	5000000	2500000	7	403	878387.25	0.3513549
chr7	5000000	7500000	2500000	7	404	1053555.0	0.421422
chr7	7500000	10000000	2500000	7	405	936768.5	0.3747074
chr7	10000000	12500000	2500000	7	406	994791.0	0.3979164
chr7	12500000	15000000	2500000	7	407	1025902.0	0.4103608
chr7	15000000	17500000	2500000	7	408	1120243.0	0.4480972
chr7	17500000	20000000	2500000	7	409	1146328.0	0.4585312
chr7	20000000	22500000	2500000	7	410	1003255.0	0.401302
chr7	22500000	25000000	2500000	7	411	1087527.0	0.4350108
chr7	25000000	27500000	2500000	7	412	1135140.0	0.454056
chr7	27500000	30000000	2500000	7	413	1192611.0	0.4770444
chr7	30000000	32500000	2500000	7	414	1116775.0	0.44671
chr7	32500000	35000000	2500000	7	415	1077949.0	0.4311796
chr7	35000000	37500000	2500000	7	416	1148703.0	0.4594812
chr7	37500000	40000000	2500000	7	417	1012010.25	0.4048041
chr7	40000000	42500000	2500000	7	418	1017616.0	0.4070464
chr7	42500000	45000000	2500000	7	419	1148570.0	0.459428
chr7	45000000	47500000	2500000	7	420	1202408.0	0.4809632
chr7	47500000	50000000	2500000	7	421	1079631.0	0.4318524
chr7	50000000	52500000	2500000	7	422	1003484.0	0.4013936
chr7	52500000	55000000	2500000	7	423	947500.0	0.379
chr7	55000000	57500000	2500000	7	424	1002866.0	0.4011464
chr7	57500000	60000000	2500000	7	425	993022.25	0.3972089
chr7	60000000	62500000	2500000	7	426	941913.0	0.3767652
chr7	62500000	65000000	2500000	7	427	1076361.0	0.4305444
chr7	65000000	67500000	2500000	7	428	1119509.0	0.4478036
chr7	67500000	70000000	2500000	7	429	1048996.0	0.4195984
chr7	70000000	72500000	2500000	7	430	1009992.0	0.4039968
chr7	72500000	75000000	2500000	7	431	1078582.0	0.4314328
chr7	75000000	77500000	2500000	7	432	1014338.0	0.4057352
chr7	77500000	80000000	2500000	7	433	1107541.0	0.4430164
chr7	80000000	82500000	2500000	7	434	1140785.5	0.4563142
chr7	82500000	85000000	2500000	7	435	1069401.0	0.4277604
chr7	85000000	87500000	2500000	7	436	920528.0	0.3682112
chr7	87500000	90000000	2500000	7	437	980336.0	0.3921344
chr7	90000000	92500000	2500000	7	438	973032.0	0.3892128
chr7	92500000	95000000	2500000	7	439	954953.0	0.3819812
chr7	95000000	97500000	2500000	7	440	1052821.0	0.4211284
chr7	97500000	100000000	2500000	7	441	1147318.0	0.4589272
chr7	100000000	102500000	2500000	7	442	1123596.0	0.4494384
chr7	102500000	105000000	2500000	7	443	983538.0	0.3934152
chr7	105000000	107500000	2500000	7	444	995315.25	0.3981261
chr7	107500000	110000000	2500000	7	445	1053049.0	0.4212196
chr7	110000000	112500000	2500000	7	446	1103597.0	0.4414388
chr7	112500000	115000000	2500000	7	447	1081016.0	0.4324064
chr7	115000000	117500000	2500000	7	448	1073565.0	0.429426
chr7	117500000	120000000	2500000	7	449	1111359.0	0.4445436
chr7	120000000	122500000	2500000	7	450	1101918.0	0.4407672
chr7	122500000	125000000	2500000	7	451	1077809.0	0.4311236
chr7	125000000	127500000	2500000	7	452	1188715.0	0.475486
chr7	127500000	130000000	2500000	7	453	1123574.0	0.4494296
chr7	130000000	132500000	2500000	7	454	1138515.25	0.4554061
chr7	132500000	135000000	2500000	7	455	1128912.0	0.4515648
chr7	135000000	137500000	2500000	7	456	1131739.0	0.4526956
chr7	137500000	140000000	2500000	7	457	1161846.25	0.4647385
chr7	140000000	142500000	2500000	7	458	1156137.75	0.4624551
chr7	142500000	145000000	2500000	7	459	1207619.0	0.4830476
chr7	145000000	145441459	441459	7	460	170889.25	0.387101067143
chr8	1	2500000	2499999	8	461	0	0.0
chr8	2500000	5000000	2500000	8	462	870450.0	0.34818
chr8	5000000	7500000	2500000	8	463	929946.0	0.3719784
chr8	7500000	10000000	2500000	8	464	1034488.0	0.4137952
chr8	10000000	12500000	2500000	8	465	1163518.0	0.4654072
chr8	12500000	15000000	2500000	8	466	1178717.0	0.4714868
chr8	15000000	17500000	2500000	8	467	1031547.0	0.4126188
chr8	17500000	20000000	2500000	8	468	996767.165	0.398706866
chr8	20000000	22500000	2500000	8	469	935681.165	0.374272466
chr8	22500000	25000000	2500000	8	470	1096807.0	0.4387228
chr8	25000000	27500000	2500000	8	471	1120887.0	0.4483548
chr8	27500000	30000000	2500000	8	472	977093.0	0.3908372
chr8	30000000	32500000	2500000	8	473	1005757.0	0.4023028
chr8	32500000	35000000	2500000	8	474	1039701.665	0.415880666
chr8	35000000	37500000	2500000	8	475	1057369.0	0.4229476
chr8	37500000	40000000	2500000	8	476	919593.25	0.3678373
chr8	40000000	42500000	2500000	8	477	985374.0	0.3941496
chr8	42500000	45000000	2500000	8	478	981932.0	0.3927728
chr8	45000000	47500000	2500000	8	479	1072688.0	0.4290752
chr8	47500000	50000000	2500000	8	480	1030185.0	0.412074
chr8	50000000	52500000	2500000	8	481	906141.0	0.3624564
chr8	52500000	55000000	2500000	8	482	931568.0	0.3726272
chr8	55000000	57500000	2500000	8	483	889963.165	0.355985266
chr8	57500000	60000000	2500000	8	484	948515.0	0.379406
chr8	60000000	62500000	2500000	8	485	1006690.0	0.402676
chr8	62500000	65000000	2500000	8	486	961392.25	0.3845569
chr8	65000000	67500000	2500000	8	487	980472.0	0.3921888
chr8	67500000	70000000	2500000	8	488	1047119.0	0.4188476
chr8	70000000	72500000	2500000	8	489	1215061.0	0.4860244
chr8	72500000	75000000	2500000	8	490	1008419.5	0.4033678
chr8	75000000	77500000	2500000	8	491	1013588.0	0.4054352
chr8	77500000	80000000	2500000	8	492	1067288.0	0.4269152
chr8	80000000	82500000	2500000	8	493	1006040.0	0.402416
chr8	82500000	85000000	2500000	8	494	1158420.0	0.463368
chr8	85000000	87500000	2500000	8	495	1082113.0	0.4328452
chr8	87500000	90000000	2500000	8	496	1142757.0	0.4571028
chr8	90000000	92500000	2500000	8	497	1106193.0	0.4424772
chr8	92500000	95000000	2500000	8	498	1126196.0	0.4504784
chr8	95000000	97500000	2500000	8	499	1050409.0	0.4201636
chr8	97500000	100000000	2500000	8	500	929656.0	0.3718624
chr8	100000000	102500000	2500000	8	501	927870.0	0.371148
chr8	102500000	105000000	2500000	8	502	1064120.0	0.425648
chr8	105000000	107500000	2500000	8	503	1147644.0	0.4590576
chr8	107500000	110000000	2500000	8	504	1102806.0	0.4411224
chr8	110000000	112500000	2500000	8	505	1133352.0	0.4533408
chr8	112500000	115000000	2500000	8	506	1068139.0	0.4272556
chr8	115000000	117500000	2500000	8	507	1142715.0	0.457086
chr8	117500000	120000000	2500000	8	508	1182675.0	0.47307
chr8	120000000	122500000	2500000	8	509	1301860.0	0.520744
chr8	122500000	125000000	2500000	8	510	1240475.0	0.49619
chr8	125000000	127500000	2500000	8	511	1161082.0	0.4644328
chr8	127500000	129401213	1901213	8	512	740211.665	0.389336526207
chr9	1	2500000	2499999	9	513	0	0.0
chr9	2500000	5000000	2500000	9	514	775916.0	0.3103664
chr9	5000000	7500000	2500000	9	515	970465.0	0.388186
chr9	7500000	10000000	2500000	9	516	1009287.0	0.4037148
chr9	10000000	12500000	2500000	9	517	945674.0	0.3782696
chr9	12500000	15000000	2500000	9	518	1012418.165	0.404967266
chr9	15000000	17500000	2500000	9	519	1026384.0	0.4105536
chr9	17500000	20000000	2500000	9	520	953135.0	0.381254
chr9	20000000	22500000	2500000	9	521	1158353.0	0.4633412
chr9	22500000	25000000	2500000	9	522	1029494.0	0.4117976
chr9	25000000	27500000	2500000	9	523	1046038.0	0.4184152
chr9	27500000	30000000	2500000	9	524	1044652.0	0.4178608
chr9	30000000	32500000	2500000	9	525	1082218.0	0.4328872
chr9	32500000	35000000	2500000	9	526	1038495.0	0.415398
chr9	35000000	37500000	2500000	9	527	1052553.0	0.4210212
chr9	37500000	40000000	2500000	9	528	949720.0	0.379888
chr9	40000000	42500000	2500000	9	529	1100747.0	0.4402988
chr9	42500000	45000000	2500000	9	530	1189093.0	0.4756372
chr9	45000000	47500000	2500000	9	531	1166126.0	0.4664504
chr9	47500000	50000000	2500000	9	532	1109956.0	0.4439824
chr9	50000000	52500000	2500000	9	533	1062056.0	0.4248224
chr9	52500000	55000000	2500000	9	534	1047209.75	0.4188839
chr9	55000000	57500000	2500000	9	535	1106438.0	0.4425752
chr9	57500000	60000000	2500000	9	536	1124828.0	0.4499312
chr9	60000000	62500000	2500000	9	537	1168591.0	0.4674364
chr9	62500000	65000000	2500000	9	538	1150939.0	0.4603756
chr9	65000000	67500000	2500000	9	539	1112941.0	0.4451764
chr9	67500000	70000000	2500000	9	540	1093896.0	0.4375584
chr9	70000000	72500000	2500000	9	541	1074159.0	0.4296636
chr9	72500000	75000000	2500000	9	542	1050901.0	0.4203604
chr9	75000000	77500000	2500000	9	543	1004330.0	0.401732
chr9	77500000	80000000	2500000	9	544	1046711.0	0.4186844
chr9	80000000	82500000	2500000	9	545	951920.0	0.380768
chr9	82500000	85000000	2500000	9	546	996532.0	0.3986128
chr9	85000000	87500000	2500000	9	547	1018463.0	0.4073852
chr9	87500000	90000000	2500000	9	548	1040430.0	0.416172
chr9	90000000	92500000	2500000	9	549	978797.0	0.3915188
chr9	92500000	95000000	2500000	9	550	975967.0	0.3903868
chr9	95000000	97500000	2500000	9	551	1079400.0	0.43176
chr9	97500000	100000000	2500000	9	552	1108127.0	0.4432508
chr9	100000000	102500000	2500000	9	553	1057529.335	0.423011734
chr9	102500000	105000000	2500000	9	554	1113171.0	0.4452684
chr9	105000000	107500000	2500000	9	555	1131198.0	0.4524792
chr9	107500000	110000000	2500000	9	556	1133029.0	0.4532116
chr9	110000000	112500000	2500000	9	557	1107726.0	0.4430904
chr9	112500000	115000000	2500000	9	558	1093854.0	0.4375416
chr9	115000000	117500000	2500000	9	559	1106377.0	0.4425508
chr9	117500000	120000000	2500000	9	560	1162234.0	0.4648936
chr9	120000000	122500000	2500000	9	561	1193073.0	0.4772292
chr9	122500000	124595110	2095110	9	562	788463.915	0.376335330842
chr10	1	2500000	2499999	10	563	0	0.0
chr10	2500000	5000000	2500000	10	564	817366.335	0.326946534
chr10	5000000	7500000	2500000	10	565	1026038.0	0.4104152
chr10	7500000	10000000	2500000	10	566	1023691.085	0.409476434
chr10	10000000	12500000	2500000	10	567	998320.0	0.399328
chr10	12500000	15000000	2500000	10	568	1032605.0	0.413042
chr10	15000000	17500000	2500000	10	569	931381.0	0.3725524
chr10	17500000	20000000	2500000	10	570	1048343.0	0.4193372
chr10	20000000	22500000	2500000	10	571	1065792.0	0.4263168
chr10	22500000	25000000	2500000	10	572	1033681.0	0.4134724
chr10	25000000	27500000	2500000	10	573	1014625.0	0.40585
chr10	27500000	30000000	2500000	10	574	964555.0	0.385822
chr10	30000000	32500000	2500000	10	575	975326.0	0.3901304
chr10	32500000	35000000	2500000	10	576	959623.0	0.3838492
chr10	35000000	37500000	2500000	10	577	958654.0	0.3834616
chr10	37500000	40000000	2500000	10	578	1008539.0	0.4034156
chr10	40000000	42500000	2500000	10	579	1106494.0	0.4425976
chr10	42500000	45000000	2500000	10	580	1087503.0	0.4350012
chr10	45000000	47500000	2500000	10	581	972050.0	0.38882
chr10	47500000	50000000	2500000	10	582	913945.0	0.365578
chr10	50000000	52500000	2500000	10	583	978647.0	0.3914588
chr10	52500000	55000000	2500000	10	584	989513.0	0.3958052
chr10	55000000	57500000	2500000	10	585	961648.0	0.3846592
chr10	57500000	60000000	2500000	10	586	929485.25	0.3717941
chr10	60000000	62500000	2500000	10	587	1227614.0	0.4910456
chr10	62500000	65000000	2500000	10	588	1028720.0	0.411488
chr10	65000000	67500000	2500000	10	589	998837.75	0.3995351
chr10	67500000	70000000	2500000	10	590	1083937.0	0.4335748
chr10	70000000	72500000	2500000	10	591	1062586.0	0.4250344
chr10	72500000	75000000	2500000	10	592	983391.0	0.3933564
chr10	75000000	77500000	2500000	10	593	1178110.0	0.471244
chr10	77500000	80000000	2500000	10	594	1162976.0	0.4651904
chr10	80000000	82500000	2500000	10	595	1235808.0	0.4943232
chr10	82500000	85000000	2500000	10	596	1128594.0	0.4514376
chr10	85000000	87500000	2500000	10	597	1102548.0	0.4410192
chr10	87500000	90000000	2500000	10	598	1044153.0	0.4176612
chr10	90000000	92500000	2500000	10	599	1026253.0	0.4105012
chr10	92500000	95000000	2500000	10	600	1088520.0	0.435408
chr10	95000000	97500000	2500000	10	601	1048810.0	0.419524
chr10	97500000	100000000	2500000	10	602	994794.0	0.3979176
chr10	100000000	102500000	2500000	10	603	929736.0	0.3718944
chr10	102500000	105000000	2500000	10	604	928975.0	0.37159
chr10	105000000	107500000	2500000	10	605	960042.0	0.3840168
chr10	107500000	110000000	2500000	10	606	972669.0	0.3890676
chr10	110000000	112500000	2500000	10	607	1032157.0	0.4128628
chr10	112500000	115000000	2500000	10	608	936562.0	0.3746248
chr10	115000000	117500000	2500000	10	609	1064460.0	0.425784
chr10	117500000	120000000	2500000	10	610	1096363.0	0.4385452
chr10	120000000	122500000	2500000	10	611	1100884.0	0.4403536
chr10	122500000	125000000	2500000	10	612	999012.0	0.3996048
chr10	125000000	127500000	2500000	10	613	1082511.0	0.4330044
chr10	127500000	130000000	2500000	10	614	1085033.0	0.4340132
chr10	130000000	130694993	694993	10	615	227365.665	0.327148136744
chr11	1	2500000	2499999	11	616	0	0.0
chr11	2500000	5000000	2500000	11	617	883693.0	0.3534772
chr11	5000000	7500000	2500000	11	618	1146803.0	0.4587212
chr11	7500000	10000000	2500000	11	619	1045233.0	0.4180932
chr11	10000000	12500000	2500000	11	620	999411.0	0.3997644
chr11	12500000	15000000	2500000	11	621	947249.0	0.3788996
chr11	15000000	17500000	2500000	11	622	969669.0	0.3878676
chr11	17500000	20000000	2500000	11	623	1027585.0	0.411034
chr11	20000000	22500000	2500000	11	624	1045653.0	0.4182612
chr11	22500000	25000000	2500000	11	625	1053920.0	0.421568
chr11	25000000	27500000	2500000	11	626	967661.0	0.3870644
chr11	27500000	30000000	2500000	11	627	973563.0	0.3894252
chr11	30000000	32500000	2500000	11	628	1064511.0	0.4258044
chr11	32500000	35000000	2500000	11	629	1056000.25	0.4224001
chr11	35000000	37500000	2500000	11	630	1068053.0	0.4272212
chr11	37500000	40000000	2500000	11	631	919927.0	0.3679708
chr11	40000000	42500000	2500000	11	632	954222.0	0.3816888
chr11	42500000	45000000	2500000	11	633	1055488.0	0.4221952
chr11	45000000	47500000	2500000	11	634	1058716.0	0.4234864
chr11	47500000	50000000	2500000	11	635	1043340.0	0.417336
chr11	50000000	52500000	2500000	11	636	1153840.0	0.461536
chr11	52500000	55000000	2500000	11	637	1129801.0	0.4519204
chr11	55000000	57500000	2500000	11	638	1097476.0	0.4389904
chr11	57500000	60000000	2500000	11	639	1172574.0	0.4690296
chr11	60000000	62500000	2500000	11	640	1153433.0	0.4613732
chr11	62500000	65000000	2500000	11	641	1096092.0	0.4384368
chr11	65000000	67500000	2500000	11	642	1077648.0	0.4310592
chr11	67500000	70000000	2500000	11	643	1182399.0	0.4729596
chr11	70000000	72500000	2500000	11	644	1146767.0	0.4587068
chr11	72500000	75000000	2500000	11	645	1077043.0	0.4308172
chr11	75000000	77500000	2500000	11	646	1146371.0	0.4585484
chr11	77500000	80000000	2500000	11	647	1155101.0	0.4620404
chr11	80000000	82500000	2500000	11	648	1125134.0	0.4500536
chr11	82500000	85000000	2500000	11	649	1122860.0	0.449144
chr11	85000000	87500000	2500000	11	650	1064542.0	0.4258168
chr11	87500000	90000000	2500000	11	651	1148009.0	0.4592036
chr11	90000000	92500000	2500000	11	652	990262.0	0.3961048
chr11	92500000	95000000	2500000	11	653	1081633.0	0.4326532
chr11	95000000	97500000	2500000	11	654	1188659.0	0.4754636
chr11	97500000	100000000	2500000	11	655	1169262.0	0.4677048
chr11	100000000	102500000	2500000	11	656	1204361.0	0.4817444
chr11	102500000	105000000	2500000	11	657	1142073.0	0.4568292
chr11	105000000	107500000	2500000	11	658	1110453.0	0.4441812
chr11	107500000	110000000	2500000	11	659	1121924.0	0.4487696
chr11	110000000	112500000	2500000	11	660	1007055.0	0.402822
chr11	112500000	115000000	2500000	11	661	1205142.0	0.4820568
chr11	115000000	117500000	2500000	11	662	1258219.0	0.5032876
chr11	117500000	120000000	2500000	11	663	1265796.0	0.5063184
chr11	120000000	122082543	2082543	11	664	952643.665	0.457442494585
chr12	1	2500000	2499999	12	665	0	0.0
chr12	2500000	5000000	2500000	12	666	872550.0	0.34902
chr12	5000000	7500000	2500000	12	667	1005648.0	0.4022592
chr12	7500000	10000000	2500000	12	668	1059903.0	0.4239612
chr12	10000000	12500000	2500000	12	669	1006642.0	0.4026568
chr12	12500000	15000000	2500000	12	670	1022838.0	0.4091352
chr12	15000000	17500000	2500000	12	671	1064909.0	0.4259636
chr12	17500000	20000000	2500000	12	672	1126392.0	0.4505568
chr12	20000000	22500000	2500000	12	673	1122787.0	0.4491148
chr12	22500000	25000000	2500000	12	674	1122733.0	0.4490932
chr12	25000000	27500000	2500000	12	675	1078265.0	0.431306
chr12	27500000	30000000	2500000	12	676	1094822.0	0.4379288
chr12	30000000	32500000	2500000	12	677	1046367.0	0.4185468
chr12	32500000	35000000	2500000	12	678	1024646.0	0.4098584
chr12	35000000	37500000	2500000	12	679	976285.0	0.390514
chr12	37500000	40000000	2500000	12	680	938520.0	0.375408
chr12	40000000	42500000	2500000	12	681	983156.5	0.3932626
chr12	42500000	45000000	2500000	12	682	958973.0	0.3835892
chr12	45000000	47500000	2500000	12	683	944334.0	0.3777336
chr12	47500000	50000000	2500000	12	684	930412.0	0.3721648
chr12	50000000	52500000	2500000	12	685	1006942.0	0.4027768
chr12	52500000	55000000	2500000	12	686	1050860.0	0.420344
chr12	55000000	57500000	2500000	12	687	1022267.0	0.4089068
chr12	57500000	60000000	2500000	12	688	992881.0	0.3971524
chr12	60000000	62500000	2500000	12	689	919470.0	0.367788
chr12	62500000	65000000	2500000	12	690	930845.0	0.372338
chr12	65000000	67500000	2500000	12	691	941146.0	0.3764584
chr12	67500000	70000000	2500000	12	692	1006850.0	0.40274
chr12	70000000	72500000	2500000	12	693	1084799.0	0.4339196
chr12	72500000	75000000	2500000	12	694	1044410.0	0.417764
chr12	75000000	77500000	2500000	12	695	1086429.0	0.4345716
chr12	77500000	80000000	2500000	12	696	1044725.0	0.41789
chr12	80000000	82500000	2500000	12	697	1118105.0	0.447242
chr12	82500000	85000000	2500000	12	698	1130482.0	0.4521928
chr12	85000000	87500000	2500000	12	699	1156311.0	0.4625244
chr12	87500000	90000000	2500000	12	700	983166.165	0.393266466
chr12	90000000	92500000	2500000	12	701	1004208.0	0.4016832
chr12	92500000	95000000	2500000	12	702	922681.0	0.3690724
chr12	95000000	97500000	2500000	12	703	931547.0	0.3726188
chr12	97500000	100000000	2500000	12	704	1069976.0	0.4279904
chr12	100000000	102500000	2500000	12	705	1096293.0	0.4385172
chr12	102500000	105000000	2500000	12	706	1158603.0	0.4634412
chr12	105000000	107500000	2500000	12	707	1167379.0	0.4669516
chr12	107500000	110000000	2500000	12	708	1178789.0	0.4715156
chr12	110000000	112500000	2500000	12	709	1210481.0	0.4841924
chr12	112500000	115000000	2500000	12	710	1099154.0	0.4396616
chr12	115000000	117500000	2500000	12	711	1048498.0	0.4193992
chr12	117500000	120000000	2500000	12	712	1002133.0	0.4008532
chr12	120000000	120129022	129022	12	713	10142.0	0.0786067492366
chr13	1	2500000	2499999	13	714	0	0.0
chr13	2500000	5000000	2500000	13	715	809406.0	0.3237624
chr13	5000000	7500000	2500000	13	716	987388.0	0.3949552
chr13	7500000	10000000	2500000	13	717	1015240.0	0.406096
chr13	10000000	12500000	2500000	13	718	1008696.0	0.4034784
chr13	12500000	15000000	2500000	13	719	1012968.0	0.4051872
chr13	15000000	17500000	2500000	13	720	983415.0	0.393366
chr13	17500000	20000000	2500000	13	721	1002956.0	0.4011824
chr13	20000000	22500000	2500000	13	722	1039570.0	0.415828
chr13	22500000	25000000	2500000	13	723	1058084.0	0.4232336
chr13	25000000	27500000	2500000	13	724	969094.0	0.3876376
chr13	27500000	30000000	2500000	13	725	1023304.0	0.4093216
chr13	30000000	32500000	2500000	13	726	1056332.0	0.4225328
chr13	32500000	35000000	2500000	13	727	1051227.0	0.4204908
chr13	35000000	37500000	2500000	13	728	1059894.0	0.4239576
chr13	37500000	40000000	2500000	13	729	1054451.165	0.421780466
chr13	40000000	42500000	2500000	13	730	1071242.0	0.4284968
chr13	42500000	45000000	2500000	13	731	1105508.0	0.4422032
chr13	45000000	47500000	2500000	13	732	1102526.0	0.4410104
chr13	47500000	50000000	2500000	13	733	1108251.0	0.4433004
chr13	50000000	52500000	2500000	13	734	1133095.0	0.453238
chr13	52500000	55000000	2500000	13	735	1170147.5	0.468059
chr13	55000000	57500000	2500000	13	736	1169857.0	0.4679428
chr13	57500000	60000000	2500000	13	737	1138832.0	0.4555328
chr13	60000000	62500000	2500000	13	738	1044307.0	0.4177228
chr13	62500000	65000000	2500000	13	739	1063704.0	0.4254816
chr13	65000000	67500000	2500000	13	740	1009260.0	0.403704
chr13	67500000	70000000	2500000	13	741	1081163.0	0.4324652
chr13	70000000	72500000	2500000	13	742	1076793.0	0.4307172
chr13	72500000	75000000	2500000	13	743	1099370.0	0.439748
chr13	75000000	77500000	2500000	13	744	978979.0	0.3915916
chr13	77500000	80000000	2500000	13	745	954357.0	0.3817428
chr13	80000000	82500000	2500000	13	746	972069.0	0.3888276
chr13	82500000	85000000	2500000	13	747	944891.0	0.3779564
chr13	85000000	87500000	2500000	13	748	936019.0	0.3744076
chr13	87500000	90000000	2500000	13	749	919681.0	0.3678724
chr13	90000000	92500000	2500000	13	750	1005485.0	0.402194
chr13	92500000	95000000	2500000	13	751	1078772.0	0.4315088
chr13	95000000	97500000	2500000	13	752	1082534.0	0.4330136
chr13	97500000	100000000	2500000	13	753	1106294.0	0.4425176
chr13	100000000	102500000	2500000	13	754	1040065.0	0.416026
chr13	102500000	105000000	2500000	13	755	1039672.0	0.4158688
chr13	105000000	107500000	2500000	13	756	994970.0	0.397988
chr13	107500000	110000000	2500000	13	757	1032680.0	0.413072
chr13	110000000	112500000	2500000	13	758	1055916.0	0.4223664
chr13	112500000	115000000	2500000	13	759	1062391.0	0.4249564
chr13	115000000	117500000	2500000	13	760	968763.0	0.3875052
chr13	117500000	120000000	2500000	13	761	932732.0	0.3730928
chr13	120000000	120421639	421639	13	762	138538.5	0.328571360809
chr14	1	2500000	2499999	14	763	0	0.0
chr14	2500000	5000000	2500000	14	764	849116.0	0.3396464
chr14	5000000	7500000	2500000	14	765	1059381.0	0.4237524
chr14	7500000	10000000	2500000	14	766	1051040.0	0.420416
chr14	10000000	12500000	2500000	14	767	1034094.0	0.4136376
chr14	12500000	15000000	2500000	14	768	1021391.0	0.4085564
chr14	15000000	17500000	2500000	14	769	1014255.0	0.405702
chr14	17500000	20000000	2500000	14	770	1028641.25	0.4114565
chr14	20000000	22500000	2500000	14	771	1086784.0	0.4347136
chr14	22500000	25000000	2500000	14	772	1076189.0	0.4304756
chr14	25000000	27500000	2500000	14	773	1136042.0	0.4544168
chr14	27500000	30000000	2500000	14	774	1071249.0	0.4284996
chr14	30000000	32500000	2500000	14	775	1128738.0	0.4514952
chr14	32500000	35000000	2500000	14	776	1132512.0	0.4530048
chr14	35000000	37500000	2500000	14	777	1013885.0	0.405554
chr14	37500000	40000000	2500000	14	778	946084.0	0.3784336
chr14	40000000	42500000	2500000	14	779	984526.0	0.3938104
chr14	42500000	45000000	2500000	14	780	977228.75	0.3908915
chr14	45000000	47500000	2500000	14	781	1076189.0	0.4304756
chr14	47500000	50000000	2500000	14	782	1055937.0	0.4223748
chr14	50000000	52500000	2500000	14	783	1036627.0	0.4146508
chr14	52500000	55000000	2500000	14	784	1079012.0	0.4316048
chr14	55000000	57500000	2500000	14	785	1109802.0	0.4439208
chr14	57500000	60000000	2500000	14	786	1068377.0	0.4273508
chr14	60000000	62500000	2500000	14	787	1094414.0	0.4377656
chr14	62500000	65000000	2500000	14	788	1124959.5	0.4499838
chr14	65000000	67500000	2500000	14	789	1126130.0	0.450452
chr14	67500000	70000000	2500000	14	790	1092137.0	0.4368548
chr14	70000000	72500000	2500000	14	791	1103967.0	0.4415868
chr14	72500000	75000000	2500000	14	792	1028755.0	0.411502
chr14	75000000	77500000	2500000	14	793	1091160.0	0.436464
chr14	77500000	80000000	2500000	14	794	1073930.0	0.429572
chr14	80000000	82500000	2500000	14	795	939766.0	0.3759064
chr14	82500000	85000000	2500000	14	796	904020.0	0.361608
chr14	85000000	87500000	2500000	14	797	962269.0	0.3849076
chr14	87500000	90000000	2500000	14	798	919936.0	0.3679744
chr14	90000000	92500000	2500000	14	799	906509.0	0.3626036
chr14	92500000	95000000	2500000	14	800	906870.0	0.362748
chr14	95000000	97500000	2500000	14	801	909267.0	0.3637068
chr14	97500000	100000000	2500000	14	802	977345.0	0.390938
chr14	100000000	102500000	2500000	14	803	1000628.0	0.4002512
chr14	102500000	105000000	2500000	14	804	1010359.0	0.4041436
chr14	105000000	107500000	2500000	14	805	972331.0	0.3889324
chr14	107500000	110000000	2500000	14	806	904456.0	0.3617824
chr14	110000000	112500000	2500000	14	807	911571.0	0.3646284
chr14	112500000	115000000	2500000	14	808	931001.0	0.3724004
chr14	115000000	117500000	2500000	14	809	964136.0	0.3856544
chr14	117500000	120000000	2500000	14	810	1069497.0	0.4277988
chr14	120000000	122500000	2500000	14	811	1123965.0	0.449586
chr14	122500000	124902244	2402244	14	812	901278.75	0.375182017314
chr15	1	2500000	2499999	15	813	0	0.0
chr15	2500000	5000000	2500000	15	814	774525.0	0.30981
chr15	5000000	7500000	2500000	15	815	1027539.0	0.4110156
chr15	7500000	10000000	2500000	15	816	1005473.67	0.402189468
chr15	10000000	12500000	2500000	15	817	1056197.0	0.4224788
chr15	12500000	15000000	2500000	15	818	982614.0	0.3930456
chr15	15000000	17500000	2500000	15	819	902205.0	0.360882
chr15	17500000	20000000	2500000	15	820	918608.0	0.3674432
chr15	20000000	22500000	2500000	15	821	916659.0	0.3666636
chr15	22500000	25000000	2500000	15	822	926758.0	0.3707032
chr15	25000000	27500000	2500000	15	823	1047684.0	0.4190736
chr15	27500000	30000000	2500000	15	824	1012265.0	0.404906
chr15	30000000	32500000	2500000	15	825	1056173.0	0.4224692
chr15	32500000	35000000	2500000	15	826	1020135.0	0.408054
chr15	35000000	37500000	2500000	15	827	1075535.0	0.430214
chr15	37500000	40000000	2500000	15	828	999170.0	0.399668
chr15	40000000	42500000	2500000	15	829	971974.0	0.3887896
chr15	42500000	45000000	2500000	15	830	956689.0	0.3826756
chr15	45000000	47500000	2500000	15	831	920504.0	0.3682016
chr15	47500000	50000000	2500000	15	832	901508.0	0.3606032
chr15	50000000	52500000	2500000	15	833	968100.0	0.38724
chr15	52500000	55000000	2500000	15	834	1002959.0	0.4011836
chr15	55000000	57500000	2500000	15	835	1002030.0	0.400812
chr15	57500000	60000000	2500000	15	836	1117202.0	0.4468808
chr15	60000000	62500000	2500000	15	837	1017644.0	0.4070576
chr15	62500000	65000000	2500000	15	838	1025943.0	0.4103772
chr15	65000000	67500000	2500000	15	839	1040515.0	0.416206
chr15	67500000	70000000	2500000	15	840	1012498.0	0.4049992
chr15	70000000	72500000	2500000	15	841	992973.0	0.3971892
chr15	72500000	75000000	2500000	15	842	1203220.0	0.481288
chr15	75000000	77500000	2500000	15	843	1197865.0	0.479146
chr15	77500000	80000000	2500000	15	844	1255742.0	0.5022968
chr15	80000000	82500000	2500000	15	845	1172854.0	0.4691416
chr15	82500000	85000000	2500000	15	846	1225356.0	0.4901424
chr15	85000000	87500000	2500000	15	847	1189332.0	0.4757328
chr15	87500000	90000000	2500000	15	848	1158971.0	0.4635884
chr15	90000000	92500000	2500000	15	849	1012964.0	0.4051856
chr15	92500000	95000000	2500000	15	850	1062103.0	0.4248412
chr15	95000000	97500000	2500000	15	851	1093787.0	0.4375148
chr15	97500000	100000000	2500000	15	852	1191759.0	0.4767036
chr15	100000000	102500000	2500000	15	853	1197709.0	0.4790836
chr15	102500000	104043685	1543685	15	854	617036.415	0.399716532194
chr16	1	2500000	2499999	16	855	0	0.0
chr16	2500000	5000000	2500000	16	856	857737.5	0.343095
chr16	5000000	7500000	2500000	16	857	1091059.0	0.4364236
chr16	7500000	10000000	2500000	16	858	1089581.0	0.4358324
chr16	10000000	12500000	2500000	16	859	1138626.0	0.4554504
chr16	12500000	15000000	2500000	16	860	1075256.0	0.4301024
chr16	15000000	17500000	2500000	16	861	1039590.0	0.415836
chr16	17500000	20000000	2500000	16	862	1110708.0	0.4442832
chr16	20000000	22500000	2500000	16	863	1115551.0	0.4462204
chr16	22500000	25000000	2500000	16	864	1081194.0	0.4324776
chr16	25000000	27500000	2500000	16	865	987675.0	0.39507
chr16	27500000	30000000	2500000	16	866	1024523.0	0.4098092
chr16	30000000	32500000	2500000	16	867	1125962.0	0.4503848
chr16	32500000	35000000	2500000	16	868	1129763.0	0.4519052
chr16	35000000	37500000	2500000	16	869	1066925.0	0.42677
chr16	37500000	40000000	2500000	16	870	1045842.0	0.4183368
chr16	40000000	42500000	2500000	16	871	952599.0	0.3810396
chr16	42500000	45000000	2500000	16	872	1019189.0	0.4076756
chr16	45000000	47500000	2500000	16	873	988816.0	0.3955264
chr16	47500000	50000000	2500000	16	874	994151.0	0.3976604
chr16	50000000	52500000	2500000	16	875	980495.0	0.392198
chr16	52500000	55000000	2500000	16	876	916280.0	0.366512
chr16	55000000	57500000	2500000	16	877	1012058.0	0.4048232
chr16	57500000	60000000	2500000	16	878	989608.0	0.3958432
chr16	60000000	62500000	2500000	16	879	916103.0	0.3664412
chr16	62500000	65000000	2500000	16	880	955346.0	0.3821384
chr16	65000000	67500000	2500000	16	881	913461.835	0.365384734
chr16	67500000	70000000	2500000	16	882	901090.0	0.360436
chr16	70000000	72500000	2500000	16	883	932705.0	0.373082
chr16	72500000	75000000	2500000	16	884	949378.0	0.3797512
chr16	75000000	77500000	2500000	16	885	969975.0	0.38799
chr16	77500000	80000000	2500000	16	886	961942.0	0.3847768
chr16	80000000	82500000	2500000	16	887	904218.0	0.3616872
chr16	82500000	85000000	2500000	16	888	944956.0	0.3779824
chr16	85000000	87500000	2500000	16	889	987227.0	0.3948908
chr16	87500000	90000000	2500000	16	890	1022950.0	0.40918
chr16	90000000	92500000	2500000	16	891	1163623.0	0.4654492
chr16	92500000	95000000	2500000	16	892	1152521.0	0.4610084
chr16	95000000	97500000	2500000	16	893	1119709.0	0.4478836
chr16	97500000	98207768	707768	16	894	271261.0	0.383262594522
chr17	1	2500000	2499999	17	895	0	0.0
chr17	2500000	5000000	2500000	17	896	839452.335	0.335780934
chr17	5000000	7500000	2500000	17	897	1151065.5	0.4604262
chr17	7500000	10000000	2500000	17	898	1101751.5	0.4407006
chr17	10000000	12500000	2500000	17	899	1075059.0	0.4300236
chr17	12500000	15000000	2500000	17	900	1081060.5	0.4324242
chr17	15000000	17500000	2500000	17	901	1010502.0	0.4042008
chr17	17500000	20000000	2500000	17	902	945212.0	0.3780848
chr17	20000000	22500000	2500000	17	903	974430.165	0.389772066
chr17	22500000	25000000	2500000	17	904	1108906.0	0.4435624
chr17	25000000	27500000	2500000	17	905	1251752.0	0.5007008
chr17	27500000	30000000	2500000	17	906	1237232.0	0.4948928
chr17	30000000	32500000	2500000	17	907	1178305.0	0.471322
chr17	32500000	35000000	2500000	17	908	1146169.0	0.4584676
chr17	35000000	37500000	2500000	17	909	1133895.0	0.453558
chr17	37500000	40000000	2500000	17	910	938261.0	0.3753044
chr17	40000000	42500000	2500000	17	911	951707.0	0.3806828
chr17	42500000	45000000	2500000	17	912	1074404.0	0.4297616
chr17	45000000	47500000	2500000	17	913	1205795.0	0.482318
chr17	47500000	50000000	2500000	17	914	1172788.25	0.4691153
chr17	50000000	52500000	2500000	17	915	1032249.0	0.4128996
chr17	52500000	55000000	2500000	17	916	991824.335	0.396729734
chr17	55000000	57500000	2500000	17	917	1144669.0	0.4578676
chr17	57500000	60000000	2500000	17	918	956127.0	0.3824508
chr17	60000000	62500000	2500000	17	919	919495.0	0.367798
chr17	62500000	65000000	2500000	17	920	1040962.0	0.4163848
chr17	65000000	67500000	2500000	17	921	1090230.0	0.436092
chr17	67500000	70000000	2500000	17	922	1066423.0	0.4265692
chr17	70000000	72500000	2500000	17	923	1078564.0	0.4314256
chr17	72500000	75000000	2500000	17	924	1081903.0	0.4327612
chr17	75000000	77500000	2500000	17	925	967785.0	0.387114
chr17	77500000	80000000	2500000	17	926	1042520.0	0.417008
chr17	80000000	82500000	2500000	17	927	1024001.0	0.4096004
chr17	82500000	85000000	2500000	17	928	1111714.0	0.4446856
chr17	85000000	87500000	2500000	17	929	1143575.0	0.45743
chr17	87500000	90000000	2500000	17	930	1051922.0	0.4207688
chr17	90000000	92500000	2500000	17	931	926853.0	0.3707412
chr17	92500000	94987271	2487271	17	932	904982.0	0.36384535501
chr18	1	2500000	2499999	18	933	0	0.0
chr18	2500000	5000000	2500000	18	934	847441.0	0.3389764
chr18	5000000	7500000	2500000	18	935	1046515.0	0.418606
chr18	7500000	10000000	2500000	18	936	1013973.0	0.4055892
chr18	10000000	12500000	2500000	18	937	1060376.335	0.424150534
chr18	12500000	15000000	2500000	18	938	1062943.5	0.4251774
chr18	15000000	17500000	2500000	18	939	992470.0	0.396988
chr18	17500000	20000000	2500000	18	940	927608.0	0.3710432
chr18	20000000	22500000	2500000	18	941	1013843.0	0.4055372
chr18	22500000	25000000	2500000	18	942	1044205.0	0.417682
chr18	25000000	27500000	2500000	18	943	1002955.0	0.401182
chr18	27500000	30000000	2500000	18	944	948933.0	0.3795732
chr18	30000000	32500000	2500000	18	945	1026335.0	0.410534
chr18	32500000	35000000	2500000	18	946	1066820.0	0.426728
chr18	35000000	37500000	2500000	18	947	1091373.0	0.4365492
chr18	37500000	40000000	2500000	18	948	1105046.0	0.4420184
chr18	40000000	42500000	2500000	18	949	1002493.0	0.4009972
chr18	42500000	45000000	2500000	18	950	1018847.0	0.4075388
chr18	45000000	47500000	2500000	18	951	1033017.0	0.4132068
chr18	47500000	50000000	2500000	18	952	968575.0	0.38743
chr18	50000000	52500000	2500000	18	953	963185.0	0.385274
chr18	52500000	55000000	2500000	18	954	1042684.0	0.4170736
chr18	55000000	57500000	2500000	18	955	1040432.0	0.4161728
chr18	57500000	60000000	2500000	18	956	1002653.5	0.4010614
chr18	60000000	62500000	2500000	18	957	1132300.0	0.45292
chr18	62500000	65000000	2500000	18	958	1068056.0	0.4272224
chr18	65000000	67500000	2500000	18	959	1101463.0	0.4405852
chr18	67500000	70000000	2500000	18	960	1054661.0	0.4218644
chr18	70000000	72500000	2500000	18	961	963179.0	0.3852716
chr18	72500000	75000000	2500000	18	962	1082022.0	0.4328088
chr18	75000000	77500000	2500000	18	963	1138837.25	0.4555349
chr18	77500000	80000000	2500000	18	964	1033215.5	0.4132862
chr18	80000000	82500000	2500000	18	965	1113443.5	0.4453774
chr18	82500000	85000000	2500000	18	966	1111032.0	0.4444128
chr18	85000000	87500000	2500000	18	967	951388.0	0.3805552
chr18	87500000	90000000	2500000	18	968	933769.0	0.3735076
chr18	90000000	90702639	702639	18	969	233242.25	0.331951756165
chr19	1	2500000	2499999	19	970	0	0.0
chr19	2500000	5000000	2500000	19	971	937467.0	0.3749868
chr19	5000000	7500000	2500000	19	972	1182131.165	0.472852466
chr19	7500000	10000000	2500000	19	973	1052566.0	0.4210264
chr19	10000000	12500000	2500000	19	974	1099163.0	0.4396652
chr19	12500000	15000000	2500000	19	975	973736.0	0.3894944
chr19	15000000	17500000	2500000	19	976	1037324.0	0.4149296
chr19	17500000	20000000	2500000	19	977	986383.0	0.3945532
chr19	20000000	22500000	2500000	19	978	1001799.0	0.4007196
chr19	22500000	25000000	2500000	19	979	1073156.0	0.4292624
chr19	25000000	27500000	2500000	19	980	1075324.0	0.4301296
chr19	27500000	30000000	2500000	19	981	1047854.0	0.4191416
chr19	30000000	32500000	2500000	19	982	1017417.0	0.4069668
chr19	32500000	35000000	2500000	19	983	1010949.0	0.4043796
chr19	35000000	37500000	2500000	19	984	1025504.0	0.4102016
chr19	37500000	40000000	2500000	19	985	1036861.0	0.4147444
chr19	40000000	42500000	2500000	19	986	1134592.0	0.4538368
chr19	42500000	45000000	2500000	19	987	1113802.0	0.4455208
chr19	45000000	47500000	2500000	19	988	1181328.0	0.4725312
chr19	47500000	50000000	2500000	19	989	1032961.0	0.4131844
chr19	50000000	52500000	2500000	19	990	961826.0	0.3847304
chr19	52500000	55000000	2500000	19	991	1083384.0	0.4333536
chr19	55000000	57500000	2500000	19	992	1150572.0	0.4602288
chr19	57500000	60000000	2500000	19	993	1097904.0	0.4391616
chr19	60000000	61431566	1431566	19	994	556228.0	0.388545131695
chrX	1	2500000	2499999	20	995	0	0.0
chrX	2500000	5000000	2500000	20	996	631921.83	0.252768732
chrX	5000000	7500000	2500000	20	997	956403.5	0.3825614
chrX	7500000	10000000	2500000	20	998	1072682.0	0.4290728
chrX	10000000	12500000	2500000	20	999	1085700.0	0.43428
chrX	12500000	15000000	2500000	20	1000	1007870.0	0.403148
chrX	15000000	17500000	2500000	20	1001	963545.0	0.385418
chrX	17500000	20000000	2500000	20	1002	983179.0	0.3932716
chrX	20000000	22500000	2500000	20	1003	994141.0	0.3976564
chrX	22500000	25000000	2500000	20	1004	930491.0	0.3721964
chrX	25000000	27500000	2500000	20	1005	863025.25	0.3452101
chrX	27500000	30000000	2500000	20	1006	885230.415	0.354092166
chrX	30000000	32500000	2500000	20	1007	768224.33	0.307289732
chrX	32500000	35000000	2500000	20	1008	805824.5	0.3223298
chrX	35000000	37500000	2500000	20	1009	985925.25	0.3943701
chrX	37500000	40000000	2500000	20	1010	966219.0	0.3864876
chrX	40000000	42500000	2500000	20	1011	954954.0	0.3819816
chrX	42500000	45000000	2500000	20	1012	920370.0	0.368148
chrX	45000000	47500000	2500000	20	1013	928799.0	0.3715196
chrX	47500000	50000000	2500000	20	1014	1018314.0	0.4073256
chrX	50000000	52500000	2500000	20	1015	1011728.0	0.4046912
chrX	52500000	55000000	2500000	20	1016	920486.585	0.368194634
chrX	55000000	57500000	2500000	20	1017	978894.665	0.391557866
chrX	57500000	60000000	2500000	20	1018	981271.0	0.3925084
chrX	60000000	62500000	2500000	20	1019	967599.495	0.387039798
chrX	62500000	65000000	2500000	20	1020	929431.0	0.3717724
chrX	65000000	67500000	2500000	20	1021	938551.0	0.3754204
chrX	67500000	70000000	2500000	20	1022	952066.0	0.3808264
chrX	70000000	72500000	2500000	20	1023	1025614.0	0.4102456
chrX	72500000	75000000	2500000	20	1024	1097613.0	0.4390452
chrX	75000000	77500000	2500000	20	1025	995260.0	0.398104
chrX	77500000	80000000	2500000	20	1026	964413.0	0.3857652
chrX	80000000	82500000	2500000	20	1027	940965.0	0.376386
chrX	82500000	85000000	2500000	20	1028	905288.0	0.3621152
chrX	85000000	87500000	2500000	20	1029	952617.0	0.3810468
chrX	87500000	90000000	2500000	20	1030	921102.0	0.3684408
chrX	90000000	92500000	2500000	20	1031	950539.0	0.3802156
chrX	92500000	95000000	2500000	20	1032	988934.25	0.3955737
chrX	95000000	97500000	2500000	20	1033	978958.0	0.3915832
chrX	97500000	100000000	2500000	20	1034	1032112.0	0.4128448
chrX	100000000	102500000	2500000	20	1035	1051389.0	0.4205556
chrX	102500000	105000000	2500000	20	1036	1025015.0	0.410006
chrX	105000000	107500000	2500000	20	1037	984369.0	0.3937476
chrX	107500000	110000000	2500000	20	1038	944260.0	0.377704
chrX	110000000	112500000	2500000	20	1039	876383.415	0.350553366
chrX	112500000	115000000	2500000	20	1040	927716.0	0.3710864
chrX	115000000	117500000	2500000	20	1041	925081.0	0.3700324
chrX	117500000	120000000	2500000	20	1042	916445.0	0.366578
chrX	120000000	122500000	2500000	20	1043	919526.0	0.3678104
chrX	122500000	125000000	2500000	20	1044	901251.25	0.3605005
chrX	125000000	127500000	2500000	20	1045	798469.41	0.319387764
chrX	127500000	130000000	2500000	20	1046	928892.415	0.371556966
chrX	130000000	132500000	2500000	20	1047	926381.0	0.3705524
chrX	132500000	135000000	2500000	20	1048	982748.0	0.3930992
chrX	135000000	137500000	2500000	20	1049	1019418.0	0.4077672
chrX	137500000	140000000	2500000	20	1050	955044.0	0.3820176
chrX	140000000	142500000	2500000	20	1051	947068.5	0.3788274
chrX	142500000	145000000	2500000	20	1052	999784.0	0.3999136
chrX	145000000	147500000	2500000	20	1053	938541.0	0.3754164
chrX	147500000	150000000	2500000	20	1054	1013595.0	0.405438
chrX	150000000	152500000	2500000	20	1055	1025351.0	0.4101404
chrX	152500000	155000000	2500000	20	1056	998152.0	0.3992608
chrX	155000000	157500000	2500000	20	1057	957836.0	0.3831344
chrX	157500000	160000000	2500000	20	1058	986787.0	0.3947148
chrX	160000000	162500000	2500000	20	1059	1009690.0	0.403876
chrX	162500000	165000000	2500000	20	1060	1022453.0	0.4089812
chrX	165000000	167500000	2500000	20	1061	996608.0	0.3986432
chrX	167500000	170000000	2500000	20	1062	972379.0	0.3889516
chrX	170000000	171031299	1031299	20	1063	68519.415	0.0664399121884
chrY	1	2500000	2499999	21	1064	815104.165	0.326041796417
chrY	2500000	5000000	2500000	21	1065	699285.0	0.279714
chrY	5000000	7500000	2500000	21	1066	967147.0	0.3868588
chrY	7500000	10000000	2500000	21	1067	964996.0	0.3859984
chrY	10000000	12500000	2500000	21	1068	944710.5	0.3778842
chrY	12500000	15000000	2500000	21	1069	961611.0	0.3846444
chrY	15000000	17500000	2500000	21	1070	940436.165	0.376174466
chrY	17500000	20000000	2500000	21	1071	918281.665	0.367312666
chrY	20000000	22500000	2500000	21	1072	889551.33	0.355820532
chrY	22500000	25000000	2500000	21	1073	952257.165	0.380902866
chrY	25000000	27500000	2500000	21	1074	976199.0	0.3904796
chrY	27500000	30000000	2500000	21	1075	972489.0	0.3889956
chrY	30000000	32500000	2500000	21	1076	976451.0	0.3905804
chrY	32500000	35000000	2500000	21	1077	974038.0	0.3896152
chrY	35000000	37500000	2500000	21	1078	895798.0	0.3583192
chrY	37500000	40000000	2500000	21	1079	967583.0	0.3870332
chrY	40000000	42500000	2500000	21	1080	971797.0	0.3887188
chrY	42500000	45000000	2500000	21	1081	969949.0	0.3879796
chrY	45000000	47500000	2500000	21	1082	933418.25	0.3733673
chrY	47500000	50000000	2500000	21	1083	933169.665	0.373267866
chrY	50000000	52500000	2500000	21	1084	949485.5	0.3797942
chrY	52500000	55000000	2500000	21	1085	971429.0	0.3885716
chrY	55000000	57500000	2500000	21	1086	899704.165	0.359881666
chrY	57500000	60000000	2500000	21	1087	958166.165	0.383266466
chrY	60000000	62500000	2500000	21	1088	973987.0	0.3895948
chrY	62500000	65000000	2500000	21	1089	947668.0	0.3790672
chrY	65000000	67500000	2500000	21	1090	901112.08	0.360444832
chrY	67500000	70000000	2500000	21	1091	941649.25	0.3766597
chrY	70000000	72500000	2500000	21	1092	973605.0	0.389442
chrY	72500000	75000000	2500000	21	1093	968889.0	0.3875556
chrY	75000000	77500000	2500000	21	1094	975303.0	0.3901212
chrY	77500000	80000000	2500000	21	1095	970208.0	0.3880832
chrY	80000000	82500000	2500000	21	1096	973525.0	0.38941
chrY	82500000	85000000	2500000	21	1097	968893.0	0.3875572
chrY	85000000	87500000	2500000	21	1098	960030.0	0.384012
chrY	87500000	90000000	2500000	21	1099	970960.0	0.388384
chrY	90000000	91744698	1744698	21	1100	339179.665	0.1944059459
chrM	1	16299	16298	22	1101	5988.0	0.367407043809
