chr1	1	5000000	4999999	1	1	786924.0	0.157384831477
chr1	5000000	10000000	5000000	1	2	1962198.0	0.3924396
chr1	10000000	15000000	5000000	1	3	2027225.0	0.405445
chr1	15000000	20000000	5000000	1	4	1980377.0	0.3960754
chr1	20000000	25000000	5000000	1	5	1999188.335	0.399837667
chr1	25000000	30000000	5000000	1	6	1843269.25	0.36865385
chr1	30000000	35000000	5000000	1	7	2024140.0	0.404828
chr1	35000000	40000000	5000000	1	8	2256547.0	0.4513094
chr1	40000000	45000000	5000000	1	9	2054872.0	0.4109744
chr1	45000000	50000000	5000000	1	10	1891625.0	0.378325
chr1	50000000	55000000	5000000	1	11	2003427.0	0.4006854
chr1	55000000	60000000	5000000	1	12	2079330.0	0.415866
chr1	60000000	65000000	5000000	1	13	2061976.0	0.4123952
chr1	65000000	70000000	5000000	1	14	1921792.0	0.3843584
chr1	70000000	75000000	5000000	1	15	2144717.0	0.4289434
chr1	75000000	80000000	5000000	1	16	2087779.585	0.417555917
chr1	80000000	85000000	5000000	1	17	2024511.0	0.4049022
chr1	85000000	90000000	5000000	1	18	2231377.165	0.446275433
chr1	90000000	95000000	5000000	1	19	2275581.0	0.4551162
chr1	95000000	100000000	5000000	1	20	1895732.0	0.3791464
chr1	100000000	105000000	5000000	1	21	1903575.0	0.380715
chr1	105000000	110000000	5000000	1	22	1954776.0	0.3909552
chr1	110000000	115000000	5000000	1	23	1878194.0	0.3756388
chr1	115000000	120000000	5000000	1	24	2049785.0	0.409957
chr1	120000000	125000000	5000000	1	25	2048412.0	0.4096824
chr1	125000000	130000000	5000000	1	26	2116500.0	0.4233
chr1	130000000	135000000	5000000	1	27	2283201.0	0.4566402
chr1	135000000	140000000	5000000	1	28	2126042.0	0.4252084
chr1	140000000	145000000	5000000	1	29	1847868.0	0.3695736
chr1	145000000	150000000	5000000	1	30	1835017.0	0.3670034
chr1	150000000	155000000	5000000	1	31	2138895.0	0.427779
chr1	155000000	160000000	5000000	1	32	2094328.165	0.418865633
chr1	160000000	165000000	5000000	1	33	2047681.0	0.4095362
chr1	165000000	170000000	5000000	1	34	2139592.085	0.427918417
chr1	170000000	175000000	5000000	1	35	2116447.585	0.423289517
chr1	175000000	180000000	5000000	1	36	2117483.0	0.4234966
chr1	180000000	185000000	5000000	1	37	2201131.165	0.440226233
chr1	185000000	190000000	5000000	1	38	2162966.0	0.4325932
chr1	190000000	195000000	5000000	1	39	2199977.25	0.43999545
chr1	195000000	195471971	471971	1	40	148347.0	0.314313803179
chr2	1	5000000	4999999	2	41	851039.0	0.170207834042
chr2	5000000	10000000	5000000	2	42	2045896.0	0.4091792
chr2	10000000	15000000	5000000	2	43	2058900.0	0.41178
chr2	15000000	20000000	5000000	2	44	2004949.0	0.4009898
chr2	20000000	25000000	5000000	2	45	1998583.835	0.399716767
chr2	25000000	30000000	5000000	2	46	2463769.0	0.4927538
chr2	30000000	35000000	5000000	2	47	2431260.0	0.486252
chr2	35000000	40000000	5000000	2	48	2120287.0	0.4240574
chr2	40000000	45000000	5000000	2	49	1865076.0	0.3730152
chr2	45000000	50000000	5000000	2	50	1929503.0	0.3859006
chr2	50000000	55000000	5000000	2	51	2007628.0	0.4015256
chr2	55000000	60000000	5000000	2	52	1966314.0	0.3932628
chr2	60000000	65000000	5000000	2	53	1956153.0	0.3912306
chr2	65000000	70000000	5000000	2	54	1996579.0	0.3993158
chr2	70000000	75000000	5000000	2	55	2145758.0	0.4291516
chr2	75000000	80000000	5000000	2	56	2048989.0	0.4097978
chr2	80000000	85000000	5000000	2	57	1956404.0	0.3912808
chr2	85000000	90000000	5000000	2	58	1865616.0	0.3731232
chr2	90000000	95000000	5000000	2	59	2253373.0	0.4506746
chr2	95000000	100000000	5000000	2	60	1851536.0	0.3703072
chr2	100000000	105000000	5000000	2	61	2082080.0	0.416416
chr2	105000000	110000000	5000000	2	62	1985392.0	0.3970784
chr2	110000000	115000000	5000000	2	63	1966878.915	0.393375783
chr2	115000000	120000000	5000000	2	64	2114000.0	0.4228
chr2	120000000	125000000	5000000	2	65	2105116.0	0.4210232
chr2	125000000	130000000	5000000	2	66	2186781.0	0.4373562
chr2	130000000	135000000	5000000	2	67	2137551.0	0.4275102
chr2	135000000	140000000	5000000	2	68	1990393.0	0.3980786
chr2	140000000	145000000	5000000	2	69	2043625.0	0.408725
chr2	145000000	150000000	5000000	2	70	2094371.0	0.4188742
chr2	150000000	155000000	5000000	2	71	2272120.0	0.454424
chr2	155000000	160000000	5000000	2	72	2294887.0	0.4589774
chr2	160000000	165000000	5000000	2	73	2257314.0	0.4514628
chr2	165000000	170000000	5000000	2	74	2457543.0	0.4915086
chr2	170000000	175000000	5000000	2	75	2318167.755	0.463633551
chr2	175000000	180000000	5000000	2	76	1963185.58	0.392637116
chr2	180000000	182113224	2113224	2	77	959605.75	0.454095614095
chr3	1	5000000	4999999	3	78	765867.75	0.153173580635
chr3	5000000	10000000	5000000	3	79	2003852.0	0.4007704
chr3	10000000	15000000	5000000	3	80	1914082.0	0.3828164
chr3	15000000	20000000	5000000	3	81	1896686.0	0.3793372
chr3	20000000	25000000	5000000	3	82	1938040.5	0.3876081
chr3	25000000	30000000	5000000	3	83	2030468.0	0.4060936
chr3	30000000	35000000	5000000	3	84	2118816.0	0.4237632
chr3	35000000	40000000	5000000	3	85	2071814.0	0.4143628
chr3	40000000	45000000	5000000	3	86	1898178.165	0.379635633
chr3	45000000	50000000	5000000	3	87	1848310.0	0.369662
chr3	50000000	55000000	5000000	3	88	2119689.5	0.4239379
chr3	55000000	60000000	5000000	3	89	2032169.0	0.4064338
chr3	60000000	65000000	5000000	3	90	1943720.0	0.388744
chr3	65000000	70000000	5000000	3	91	2075629.0	0.4151258
chr3	70000000	75000000	5000000	3	92	1840750.0	0.36815
chr3	75000000	80000000	5000000	3	93	1931767.0	0.3863534
chr3	80000000	85000000	5000000	3	94	2032680.0	0.406536
chr3	85000000	90000000	5000000	3	95	2255094.75	0.45101895
chr3	90000000	95000000	5000000	3	96	2072860.5	0.4145721
chr3	95000000	100000000	5000000	3	97	2183850.5	0.4367701
chr3	100000000	105000000	5000000	3	98	2185888.0	0.4371776
chr3	105000000	110000000	5000000	3	99	2151269.0	0.4302538
chr3	110000000	115000000	5000000	3	100	1794520.165	0.358904033
chr3	115000000	120000000	5000000	3	101	1983958.0	0.3967916
chr3	120000000	125000000	5000000	3	102	2049973.0	0.4099946
chr3	125000000	130000000	5000000	3	103	2011505.0	0.402301
chr3	130000000	135000000	5000000	3	104	2012044.25	0.40240885
chr3	135000000	140000000	5000000	3	105	2043481.0	0.4086962
chr3	140000000	145000000	5000000	3	106	1984127.0	0.3968254
chr3	145000000	150000000	5000000	3	107	2066037.0	0.4132074
chr3	150000000	155000000	5000000	3	108	2081999.0	0.4163998
chr3	155000000	160000000	5000000	3	109	1924572.0	0.3849144
chr3	160000000	160039680	39680	3	110	0	0.0
chr4	1	5000000	4999999	4	111	794104.0	0.158820831764
chr4	5000000	10000000	5000000	4	112	2038231.0	0.4076462
chr4	10000000	15000000	5000000	4	113	2023669.0	0.4047338
chr4	15000000	20000000	5000000	4	114	1905074.0	0.3810148
chr4	20000000	25000000	5000000	4	115	1953821.0	0.3907642
chr4	25000000	30000000	5000000	4	116	1860255.0	0.372051
chr4	30000000	35000000	5000000	4	117	2050750.5	0.4101501
chr4	35000000	40000000	5000000	4	118	1891836.0	0.3783672
chr4	40000000	45000000	5000000	4	119	2258415.165	0.451683033
chr4	45000000	50000000	5000000	4	120	2221929.0	0.4443858
chr4	50000000	55000000	5000000	4	121	1973641.0	0.3947282
chr4	55000000	60000000	5000000	4	122	2158427.0	0.4316854
chr4	60000000	65000000	5000000	4	123	1959350.915	0.391870183
chr4	65000000	70000000	5000000	4	124	1933944.0	0.3867888
chr4	70000000	75000000	5000000	4	125	1946927.0	0.3893854
chr4	75000000	80000000	5000000	4	126	1854961.0	0.3709922
chr4	80000000	85000000	5000000	4	127	2029920.0	0.405984
chr4	85000000	90000000	5000000	4	128	2036666.25	0.40733325
chr4	90000000	95000000	5000000	4	129	1903182.0	0.3806364
chr4	95000000	100000000	5000000	4	130	2045124.0	0.4090248
chr4	100000000	105000000	5000000	4	131	2132715.0	0.426543
chr4	105000000	110000000	5000000	4	132	2219198.0	0.4438396
chr4	110000000	115000000	5000000	4	133	1986668.0	0.3973336
chr4	115000000	120000000	5000000	4	134	2268006.0	0.4536012
chr4	120000000	125000000	5000000	4	135	2192950.415	0.438590083
chr4	125000000	130000000	5000000	4	136	2361891.0	0.4723782
chr4	130000000	135000000	5000000	4	137	2330637.585	0.466127517
chr4	135000000	140000000	5000000	4	138	2463554.0	0.4927108
chr4	140000000	145000000	5000000	4	139	2349556.25	0.46991125
chr4	145000000	150000000	5000000	4	140	2048468.335	0.409693667
chr4	150000000	155000000	5000000	4	141	2482851.0	0.4965702
chr4	155000000	156508116	1508116	4	142	634812.25	0.420930651223
chr5	1	5000000	4999999	5	143	826341.0	0.165268233054
chr5	5000000	10000000	5000000	5	144	1960843.0	0.3921686
chr5	10000000	15000000	5000000	5	145	1875698.0	0.3751396
chr5	15000000	20000000	5000000	5	146	1764675.5	0.3529351
chr5	20000000	25000000	5000000	5	147	2140063.0	0.4280126
chr5	25000000	30000000	5000000	5	148	2173544.0	0.4347088
chr5	30000000	35000000	5000000	5	149	2238891.25	0.44777825
chr5	35000000	40000000	5000000	5	150	2316517.5	0.4633035
chr5	40000000	45000000	5000000	5	151	2012368.0	0.4024736
chr5	45000000	50000000	5000000	5	152	1922785.0	0.384557
chr5	50000000	55000000	5000000	5	153	2063001.0	0.4126002
chr5	55000000	60000000	5000000	5	154	1827520.0	0.365504
chr5	60000000	65000000	5000000	5	155	1951027.0	0.3902054
chr5	65000000	70000000	5000000	5	156	2065494.0	0.4130988
chr5	70000000	75000000	5000000	5	157	2053490.5	0.4106981
chr5	75000000	80000000	5000000	5	158	2036769.165	0.407353833
chr5	80000000	85000000	5000000	5	159	1826089.0	0.3652178
chr5	85000000	90000000	5000000	5	160	1940439.0	0.3880878
chr5	90000000	95000000	5000000	5	161	2076345.0	0.415269
chr5	95000000	100000000	5000000	5	162	2068002.0	0.4136004
chr5	100000000	105000000	5000000	5	163	2155829.0	0.4311658
chr5	105000000	110000000	5000000	5	164	2121387.0	0.4242774
chr5	110000000	115000000	5000000	5	165	2449443.5	0.4898887
chr5	115000000	120000000	5000000	5	166	2399679.0	0.4799358
chr5	120000000	125000000	5000000	5	167	2386871.835	0.477374367
chr5	125000000	130000000	5000000	5	168	2291069.0	0.4582138
chr5	130000000	135000000	5000000	5	169	2244883.0	0.4489766
chr5	135000000	140000000	5000000	5	170	2373222.665	0.474644533
chr5	140000000	145000000	5000000	5	171	2355648.25	0.47112965
chr5	145000000	150000000	5000000	5	172	2258440.495	0.451688099
chr5	150000000	151834684	1834684	5	173	739490.5	0.40306150814
chr6	1	5000000	4999999	6	174	776033.0	0.155206631041
chr6	5000000	10000000	5000000	6	175	2013321.0	0.4026642
chr6	10000000	15000000	5000000	6	176	1900988.0	0.3801976
chr6	15000000	20000000	5000000	6	177	1926702.0	0.3853404
chr6	20000000	25000000	5000000	6	178	1942591.0	0.3885182
chr6	25000000	30000000	5000000	6	179	2005327.0	0.4010654
chr6	30000000	35000000	5000000	6	180	2144956.75	0.42899135
chr6	35000000	40000000	5000000	6	181	2111432.0	0.4222864
chr6	40000000	45000000	5000000	6	182	1980779.0	0.3961558
chr6	45000000	50000000	5000000	6	183	2038295.5	0.4076591
chr6	50000000	55000000	5000000	6	184	2194661.0	0.4389322
chr6	55000000	60000000	5000000	6	185	2028216.0	0.4056432
chr6	60000000	65000000	5000000	6	186	1882243.0	0.3764486
chr6	65000000	70000000	5000000	6	187	1962357.0	0.3924714
chr6	70000000	75000000	5000000	6	188	2099522.0	0.4199044
chr6	75000000	80000000	5000000	6	189	1893969.0	0.3787938
chr6	80000000	85000000	5000000	6	190	2141431.0	0.4282862
chr6	85000000	90000000	5000000	6	191	2299901.0	0.4599802
chr6	90000000	95000000	5000000	6	192	2239026.0	0.4478052
chr6	95000000	100000000	5000000	6	193	2109095.0	0.421819
chr6	100000000	105000000	5000000	6	194	2009977.0	0.4019954
chr6	105000000	110000000	5000000	6	195	1974012.0	0.3948024
chr6	110000000	115000000	5000000	6	196	2176153.0	0.4352306
chr6	115000000	120000000	5000000	6	197	2219725.0	0.443945
chr6	120000000	125000000	5000000	6	198	2161250.75	0.43225015
chr6	125000000	130000000	5000000	6	199	2236508.0	0.4473016
chr6	130000000	135000000	5000000	6	200	1969529.0	0.3939058
chr6	135000000	140000000	5000000	6	201	2087956.25	0.41759125
chr6	140000000	145000000	5000000	6	202	2120741.0	0.4241482
chr6	145000000	149736546	4736546	6	203	1959935.835	0.413790098312
chr7	1	5000000	4999999	7	204	878387.25	0.175677485135
chr7	5000000	10000000	5000000	7	205	1990323.5	0.3980647
chr7	10000000	15000000	5000000	7	206	2020693.0	0.4041386
chr7	15000000	20000000	5000000	7	207	2266571.0	0.4533142
chr7	20000000	25000000	5000000	7	208	2090782.0	0.4181564
chr7	25000000	30000000	5000000	7	209	2327751.0	0.4655502
chr7	30000000	35000000	5000000	7	210	2194724.0	0.4389448
chr7	35000000	40000000	5000000	7	211	2160713.25	0.43214265
chr7	40000000	45000000	5000000	7	212	2166186.0	0.4332372
chr7	45000000	50000000	5000000	7	213	2282039.0	0.4564078
chr7	50000000	55000000	5000000	7	214	1950984.0	0.3901968
chr7	55000000	60000000	5000000	7	215	1995888.25	0.39917765
chr7	60000000	65000000	5000000	7	216	2018274.0	0.4036548
chr7	65000000	70000000	5000000	7	217	2168505.0	0.433701
chr7	70000000	75000000	5000000	7	218	2088574.0	0.4177148
chr7	75000000	80000000	5000000	7	219	2121879.0	0.4243758
chr7	80000000	85000000	5000000	7	220	2210186.5	0.4420373
chr7	85000000	90000000	5000000	7	221	1900864.0	0.3801728
chr7	90000000	95000000	5000000	7	222	1927985.0	0.385597
chr7	95000000	100000000	5000000	7	223	2200139.0	0.4400278
chr7	100000000	105000000	5000000	7	224	2107134.0	0.4214268
chr7	105000000	110000000	5000000	7	225	2048364.25	0.40967285
chr7	110000000	115000000	5000000	7	226	2184613.0	0.4369226
chr7	115000000	120000000	5000000	7	227	2184924.0	0.4369848
chr7	120000000	125000000	5000000	7	228	2179727.0	0.4359454
chr7	125000000	130000000	5000000	7	229	2312289.0	0.4624578
chr7	130000000	135000000	5000000	7	230	2267427.25	0.45348545
chr7	135000000	140000000	5000000	7	231	2293585.25	0.45871705
chr7	140000000	145000000	5000000	7	232	2363756.75	0.47275135
chr7	145000000	145441459	441459	7	233	170889.25	0.387101067143
chr8	1	5000000	4999999	8	234	870450.0	0.174090034818
chr8	5000000	10000000	5000000	8	235	1964434.0	0.3928868
chr8	10000000	15000000	5000000	8	236	2342235.0	0.468447
chr8	15000000	20000000	5000000	8	237	2028314.165	0.405662833
chr8	20000000	25000000	5000000	8	238	2032488.165	0.406497633
chr8	25000000	30000000	5000000	8	239	2097980.0	0.419596
chr8	30000000	35000000	5000000	8	240	2045458.665	0.409091733
chr8	35000000	40000000	5000000	8	241	1976962.25	0.39539245
chr8	40000000	45000000	5000000	8	242	1967306.0	0.3934612
chr8	45000000	50000000	5000000	8	243	2102873.0	0.4205746
chr8	50000000	55000000	5000000	8	244	1837709.0	0.3675418
chr8	55000000	60000000	5000000	8	245	1838478.165	0.367695633
chr8	60000000	65000000	5000000	8	246	1968082.25	0.39361645
chr8	65000000	70000000	5000000	8	247	2027591.0	0.4055182
chr8	70000000	75000000	5000000	8	248	2223480.5	0.4446961
chr8	75000000	80000000	5000000	8	249	2080876.0	0.4161752
chr8	80000000	85000000	5000000	8	250	2164460.0	0.432892
chr8	85000000	90000000	5000000	8	251	2224870.0	0.444974
chr8	90000000	95000000	5000000	8	252	2232389.0	0.4464778
chr8	95000000	100000000	5000000	8	253	1980065.0	0.396013
chr8	100000000	105000000	5000000	8	254	1991990.0	0.398398
chr8	105000000	110000000	5000000	8	255	2250450.0	0.45009
chr8	110000000	115000000	5000000	8	256	2201491.0	0.4402982
chr8	115000000	120000000	5000000	8	257	2325390.0	0.465078
chr8	120000000	125000000	5000000	8	258	2542335.0	0.508467
chr8	125000000	129401213	4401213	8	259	1901293.665	0.431993103947
chr9	1	5000000	4999999	9	260	775916.0	0.155183231037
chr9	5000000	10000000	5000000	9	261	1979752.0	0.3959504
chr9	10000000	15000000	5000000	9	262	1958092.165	0.391618433
chr9	15000000	20000000	5000000	9	263	1979519.0	0.3959038
chr9	20000000	25000000	5000000	9	264	2187847.0	0.4375694
chr9	25000000	30000000	5000000	9	265	2090690.0	0.418138
chr9	30000000	35000000	5000000	9	266	2120713.0	0.4241426
chr9	35000000	40000000	5000000	9	267	2002273.0	0.4004546
chr9	40000000	45000000	5000000	9	268	2289840.0	0.457968
chr9	45000000	50000000	5000000	9	269	2276082.0	0.4552164
chr9	50000000	55000000	5000000	9	270	2109265.75	0.42185315
chr9	55000000	60000000	5000000	9	271	2231266.0	0.4462532
chr9	60000000	65000000	5000000	9	272	2319530.0	0.463906
chr9	65000000	70000000	5000000	9	273	2206837.0	0.4413674
chr9	70000000	75000000	5000000	9	274	2125060.0	0.425012
chr9	75000000	80000000	5000000	9	275	2051041.0	0.4102082
chr9	80000000	85000000	5000000	9	276	1948452.0	0.3896904
chr9	85000000	90000000	5000000	9	277	2058893.0	0.4117786
chr9	90000000	95000000	5000000	9	278	1954764.0	0.3909528
chr9	95000000	100000000	5000000	9	279	2187527.0	0.4375054
chr9	100000000	105000000	5000000	9	280	2170700.335	0.434140067
chr9	105000000	110000000	5000000	9	281	2264227.0	0.4528454
chr9	110000000	115000000	5000000	9	282	2201580.0	0.440316
chr9	115000000	120000000	5000000	9	283	2268611.0	0.4537222
chr9	120000000	124595110	4595110	9	284	1981536.915	0.431227307943
chr10	1	5000000	4999999	10	285	817366.335	0.163473299695
chr10	5000000	10000000	5000000	10	286	2049729.085	0.409945817
chr10	10000000	15000000	5000000	10	287	2030925.0	0.406185
chr10	15000000	20000000	5000000	10	288	1979724.0	0.3959448
chr10	20000000	25000000	5000000	10	289	2099473.0	0.4198946
chr10	25000000	30000000	5000000	10	290	1979180.0	0.395836
chr10	30000000	35000000	5000000	10	291	1934949.0	0.3869898
chr10	35000000	40000000	5000000	10	292	1967193.0	0.3934386
chr10	40000000	45000000	5000000	10	293	2193997.0	0.4387994
chr10	45000000	50000000	5000000	10	294	1885995.0	0.377199
chr10	50000000	55000000	5000000	10	295	1968160.0	0.393632
chr10	55000000	60000000	5000000	10	296	1891133.25	0.37822665
chr10	60000000	65000000	5000000	10	297	2256334.0	0.4512668
chr10	65000000	70000000	5000000	10	298	2082774.75	0.41655495
chr10	70000000	75000000	5000000	10	299	2045977.0	0.4091954
chr10	75000000	80000000	5000000	10	300	2341086.0	0.4682172
chr10	80000000	85000000	5000000	10	301	2364402.0	0.4728804
chr10	85000000	90000000	5000000	10	302	2146701.0	0.4293402
chr10	90000000	95000000	5000000	10	303	2114773.0	0.4229546
chr10	95000000	100000000	5000000	10	304	2043604.0	0.4087208
chr10	100000000	105000000	5000000	10	305	1858711.0	0.3717422
chr10	105000000	110000000	5000000	10	306	1932711.0	0.3865422
chr10	110000000	115000000	5000000	10	307	1968719.0	0.3937438
chr10	115000000	120000000	5000000	10	308	2160823.0	0.4321646
chr10	120000000	125000000	5000000	10	309	2099896.0	0.4199792
chr10	125000000	130000000	5000000	10	310	2167544.0	0.4335088
chr10	130000000	130694993	694993	10	311	227365.665	0.327148136744
chr11	1	5000000	4999999	11	312	883693.0	0.176738635348
chr11	5000000	10000000	5000000	11	313	2192036.0	0.4384072
chr11	10000000	15000000	5000000	11	314	1946660.0	0.389332
chr11	15000000	20000000	5000000	11	315	1997254.0	0.3994508
chr11	20000000	25000000	5000000	11	316	2099573.0	0.4199146
chr11	25000000	30000000	5000000	11	317	1941224.0	0.3882448
chr11	30000000	35000000	5000000	11	318	2120511.25	0.42410225
chr11	35000000	40000000	5000000	11	319	1987980.0	0.397596
chr11	40000000	45000000	5000000	11	320	2009710.0	0.401942
chr11	45000000	50000000	5000000	11	321	2102056.0	0.4204112
chr11	50000000	55000000	5000000	11	322	2283641.0	0.4567282
chr11	55000000	60000000	5000000	11	323	2270050.0	0.45401
chr11	60000000	65000000	5000000	11	324	2249525.0	0.449905
chr11	65000000	70000000	5000000	11	325	2260047.0	0.4520094
chr11	70000000	75000000	5000000	11	326	2223810.0	0.444762
chr11	75000000	80000000	5000000	11	327	2301472.0	0.4602944
chr11	80000000	85000000	5000000	11	328	2247994.0	0.4495988
chr11	85000000	90000000	5000000	11	329	2212551.0	0.4425102
chr11	90000000	95000000	5000000	11	330	2071895.0	0.414379
chr11	95000000	100000000	5000000	11	331	2357921.0	0.4715842
chr11	100000000	105000000	5000000	11	332	2346434.0	0.4692868
chr11	105000000	110000000	5000000	11	333	2232377.0	0.4464754
chr11	110000000	115000000	5000000	11	334	2212197.0	0.4424394
chr11	115000000	120000000	5000000	11	335	2524015.0	0.504803
chr11	120000000	122082543	2082543	11	336	952643.665	0.457442494585
chr12	1	5000000	4999999	12	337	872550.0	0.174510034902
chr12	5000000	10000000	5000000	12	338	2065551.0	0.4131102
chr12	10000000	15000000	5000000	12	339	2029480.0	0.405896
chr12	15000000	20000000	5000000	12	340	2191301.0	0.4382602
chr12	20000000	25000000	5000000	12	341	2245520.0	0.449104
chr12	25000000	30000000	5000000	12	342	2173087.0	0.4346174
chr12	30000000	35000000	5000000	12	343	2071013.0	0.4142026
chr12	35000000	40000000	5000000	12	344	1914805.0	0.382961
chr12	40000000	45000000	5000000	12	345	1942129.5	0.3884259
chr12	45000000	50000000	5000000	12	346	1874746.0	0.3749492
chr12	50000000	55000000	5000000	12	347	2057802.0	0.4115604
chr12	55000000	60000000	5000000	12	348	2015148.0	0.4030296
chr12	60000000	65000000	5000000	12	349	1850315.0	0.370063
chr12	65000000	70000000	5000000	12	350	1947996.0	0.3895992
chr12	70000000	75000000	5000000	12	351	2129209.0	0.4258418
chr12	75000000	80000000	5000000	12	352	2131154.0	0.4262308
chr12	80000000	85000000	5000000	12	353	2248587.0	0.4497174
chr12	85000000	90000000	5000000	12	354	2139477.165	0.427895433
chr12	90000000	95000000	5000000	12	355	1926889.0	0.3853778
chr12	95000000	100000000	5000000	12	356	2001523.0	0.4003046
chr12	100000000	105000000	5000000	12	357	2254896.0	0.4509792
chr12	105000000	110000000	5000000	12	358	2346168.0	0.4692336
chr12	110000000	115000000	5000000	12	359	2309635.0	0.461927
chr12	115000000	120000000	5000000	12	360	2050631.0	0.4101262
chr12	120000000	120129022	129022	12	361	10142.0	0.0786067492366
chr13	1	5000000	4999999	13	362	809406.0	0.161881232376
chr13	5000000	10000000	5000000	13	363	2002628.0	0.4005256
chr13	10000000	15000000	5000000	13	364	2021664.0	0.4043328
chr13	15000000	20000000	5000000	13	365	1986371.0	0.3972742
chr13	20000000	25000000	5000000	13	366	2097654.0	0.4195308
chr13	25000000	30000000	5000000	13	367	1992398.0	0.3984796
chr13	30000000	35000000	5000000	13	368	2107559.0	0.4215118
chr13	35000000	40000000	5000000	13	369	2114345.165	0.422869033
chr13	40000000	45000000	5000000	13	370	2176750.0	0.43535
chr13	45000000	50000000	5000000	13	371	2210777.0	0.4421554
chr13	50000000	55000000	5000000	13	372	2303242.5	0.4606485
chr13	55000000	60000000	5000000	13	373	2308689.0	0.4617378
chr13	60000000	65000000	5000000	13	374	2108011.0	0.4216022
chr13	65000000	70000000	5000000	13	375	2090423.0	0.4180846
chr13	70000000	75000000	5000000	13	376	2176163.0	0.4352326
chr13	75000000	80000000	5000000	13	377	1933336.0	0.3866672
chr13	80000000	85000000	5000000	13	378	1916960.0	0.383392
chr13	85000000	90000000	5000000	13	379	1855700.0	0.37114
chr13	90000000	95000000	5000000	13	380	2084257.0	0.4168514
chr13	95000000	100000000	5000000	13	381	2188828.0	0.4377656
chr13	100000000	105000000	5000000	13	382	2079737.0	0.4159474
chr13	105000000	110000000	5000000	13	383	2027650.0	0.40553
chr13	110000000	115000000	5000000	13	384	2118307.0	0.4236614
chr13	115000000	120000000	5000000	13	385	1901495.0	0.380299
chr13	120000000	120421639	421639	13	386	138538.5	0.328571360809
chr14	1	5000000	4999999	14	387	849116.0	0.169823233965
chr14	5000000	10000000	5000000	14	388	2110421.0	0.4220842
chr14	10000000	15000000	5000000	14	389	2055485.0	0.411097
chr14	15000000	20000000	5000000	14	390	2042896.25	0.40857925
chr14	20000000	25000000	5000000	14	391	2162973.0	0.4325946
chr14	25000000	30000000	5000000	14	392	2207291.0	0.4414582
chr14	30000000	35000000	5000000	14	393	2261250.0	0.45225
chr14	35000000	40000000	5000000	14	394	1959969.0	0.3919938
chr14	40000000	45000000	5000000	14	395	1961754.75	0.39235095
chr14	45000000	50000000	5000000	14	396	2132126.0	0.4264252
chr14	50000000	55000000	5000000	14	397	2115639.0	0.4231278
chr14	55000000	60000000	5000000	14	398	2178179.0	0.4356358
chr14	60000000	65000000	5000000	14	399	2219373.5	0.4438747
chr14	65000000	70000000	5000000	14	400	2218267.0	0.4436534
chr14	70000000	75000000	5000000	14	401	2132722.0	0.4265444
chr14	75000000	80000000	5000000	14	402	2165090.0	0.433018
chr14	80000000	85000000	5000000	14	403	1843786.0	0.3687572
chr14	85000000	90000000	5000000	14	404	1882205.0	0.376441
chr14	90000000	95000000	5000000	14	405	1813379.0	0.3626758
chr14	95000000	100000000	5000000	14	406	1886612.0	0.3773224
chr14	100000000	105000000	5000000	14	407	2010987.0	0.4021974
chr14	105000000	110000000	5000000	14	408	1876787.0	0.3753574
chr14	110000000	115000000	5000000	14	409	1842572.0	0.3685144
chr14	115000000	120000000	5000000	14	410	2033633.0	0.4067266
chr14	120000000	124902244	4902244	14	411	2025243.75	0.413125856241
chr15	1	5000000	4999999	15	412	774525.0	0.154905030981
chr15	5000000	10000000	5000000	15	413	2033012.67	0.406602534
chr15	10000000	15000000	5000000	15	414	2038811.0	0.4077622
chr15	15000000	20000000	5000000	15	415	1820813.0	0.3641626
chr15	20000000	25000000	5000000	15	416	1843417.0	0.3686834
chr15	25000000	30000000	5000000	15	417	2059949.0	0.4119898
chr15	30000000	35000000	5000000	15	418	2076308.0	0.4152616
chr15	35000000	40000000	5000000	15	419	2074705.0	0.414941
chr15	40000000	45000000	5000000	15	420	1928663.0	0.3857326
chr15	45000000	50000000	5000000	15	421	1822012.0	0.3644024
chr15	50000000	55000000	5000000	15	422	1971059.0	0.3942118
chr15	55000000	60000000	5000000	15	423	2119232.0	0.4238464
chr15	60000000	65000000	5000000	15	424	2043587.0	0.4087174
chr15	65000000	70000000	5000000	15	425	2053013.0	0.4106026
chr15	70000000	75000000	5000000	15	426	2196193.0	0.4392386
chr15	75000000	80000000	5000000	15	427	2453607.0	0.4907214
chr15	80000000	85000000	5000000	15	428	2398210.0	0.479642
chr15	85000000	90000000	5000000	15	429	2348303.0	0.4696606
chr15	90000000	95000000	5000000	15	430	2075067.0	0.4150134
chr15	95000000	100000000	5000000	15	431	2285546.0	0.4571092
chr15	100000000	104043685	4043685	15	432	1814745.415	0.448785059914
chr16	1	5000000	4999999	16	433	857737.5	0.17154753431
chr16	5000000	10000000	5000000	16	434	2180640.0	0.436128
chr16	10000000	15000000	5000000	16	435	2213882.0	0.4427764
chr16	15000000	20000000	5000000	16	436	2150298.0	0.4300596
chr16	20000000	25000000	5000000	16	437	2196745.0	0.439349
chr16	25000000	30000000	5000000	16	438	2012198.0	0.4024396
chr16	30000000	35000000	5000000	16	439	2255725.0	0.451145
chr16	35000000	40000000	5000000	16	440	2112767.0	0.4225534
chr16	40000000	45000000	5000000	16	441	1971788.0	0.3943576
chr16	45000000	50000000	5000000	16	442	1982967.0	0.3965934
chr16	50000000	55000000	5000000	16	443	1896775.0	0.379355
chr16	55000000	60000000	5000000	16	444	2001666.0	0.4003332
chr16	60000000	65000000	5000000	16	445	1871449.0	0.3742898
chr16	65000000	70000000	5000000	16	446	1814551.835	0.362910367
chr16	70000000	75000000	5000000	16	447	1882083.0	0.3764166
chr16	75000000	80000000	5000000	16	448	1931917.0	0.3863834
chr16	80000000	85000000	5000000	16	449	1849174.0	0.3698348
chr16	85000000	90000000	5000000	16	450	2010177.0	0.4020354
chr16	90000000	95000000	5000000	16	451	2316144.0	0.4632288
chr16	95000000	98207768	3207768	16	452	1390970.0	0.433625499101
chr17	1	5000000	4999999	17	453	839452.335	0.167890500578
chr17	5000000	10000000	5000000	17	454	2252817.0	0.4505634
chr17	10000000	15000000	5000000	17	455	2156119.5	0.4312239
chr17	15000000	20000000	5000000	17	456	1955714.0	0.3911428
chr17	20000000	25000000	5000000	17	457	2083336.165	0.416667233
chr17	25000000	30000000	5000000	17	458	2488984.0	0.4977968
chr17	30000000	35000000	5000000	17	459	2324474.0	0.4648948
chr17	35000000	40000000	5000000	17	460	2072156.0	0.4144312
chr17	40000000	45000000	5000000	17	461	2026111.0	0.4052222
chr17	45000000	50000000	5000000	17	462	2378583.25	0.47571665
chr17	50000000	55000000	5000000	17	463	2024073.335	0.404814667
chr17	55000000	60000000	5000000	17	464	2100796.0	0.4201592
chr17	60000000	65000000	5000000	17	465	1960457.0	0.3920914
chr17	65000000	70000000	5000000	17	466	2156653.0	0.4313306
chr17	70000000	75000000	5000000	17	467	2160467.0	0.4320934
chr17	75000000	80000000	5000000	17	468	2010305.0	0.402061
chr17	80000000	85000000	5000000	17	469	2135715.0	0.427143
chr17	85000000	90000000	5000000	17	470	2195497.0	0.4390994
chr17	90000000	94987271	4987271	17	471	1831835.0	0.367302077629
chr18	1	5000000	4999999	18	472	847441.0	0.169488233898
chr18	5000000	10000000	5000000	18	473	2060488.0	0.4120976
chr18	10000000	15000000	5000000	18	474	2123319.835	0.424663967
chr18	15000000	20000000	5000000	18	475	1920078.0	0.3840156
chr18	20000000	25000000	5000000	18	476	2058048.0	0.4116096
chr18	25000000	30000000	5000000	18	477	1951888.0	0.3903776
chr18	30000000	35000000	5000000	18	478	2093155.0	0.418631
chr18	35000000	40000000	5000000	18	479	2196419.0	0.4392838
chr18	40000000	45000000	5000000	18	480	2021340.0	0.404268
chr18	45000000	50000000	5000000	18	481	2001592.0	0.4003184
chr18	50000000	55000000	5000000	18	482	2005869.0	0.4011738
chr18	55000000	60000000	5000000	18	483	2043085.5	0.4086171
chr18	60000000	65000000	5000000	18	484	2200356.0	0.4400712
chr18	65000000	70000000	5000000	18	485	2156124.0	0.4312248
chr18	70000000	75000000	5000000	18	486	2045201.0	0.4090402
chr18	75000000	80000000	5000000	18	487	2172052.75	0.43441055
chr18	80000000	85000000	5000000	18	488	2224475.5	0.4448951
chr18	85000000	90000000	5000000	18	489	1885157.0	0.3770314
chr18	90000000	90702639	702639	18	490	233242.25	0.331951756165
chr19	1	5000000	4999999	19	491	937467.0	0.187493437499
chr19	5000000	10000000	5000000	19	492	2234697.165	0.446939433
chr19	10000000	15000000	5000000	19	493	2072899.0	0.4145798
chr19	15000000	20000000	5000000	19	494	2023707.0	0.4047414
chr19	20000000	25000000	5000000	19	495	2074955.0	0.414991
chr19	25000000	30000000	5000000	19	496	2123178.0	0.4246356
chr19	30000000	35000000	5000000	19	497	2028366.0	0.4056732
chr19	35000000	40000000	5000000	19	498	2062365.0	0.412473
chr19	40000000	45000000	5000000	19	499	2248394.0	0.4496788
chr19	45000000	50000000	5000000	19	500	2214289.0	0.4428578
chr19	50000000	55000000	5000000	19	501	2045210.0	0.409042
chr19	55000000	60000000	5000000	19	502	2248476.0	0.4496952
chr19	60000000	61431566	1431566	19	503	556228.0	0.388545131695
chrX	1	5000000	4999999	20	504	631921.83	0.126384391277
chrX	5000000	10000000	5000000	20	505	2029085.5	0.4058171
chrX	10000000	15000000	5000000	20	506	2093570.0	0.418714
chrX	15000000	20000000	5000000	20	507	1946724.0	0.3893448
chrX	20000000	25000000	5000000	20	508	1924632.0	0.3849264
chrX	25000000	30000000	5000000	20	509	1748255.665	0.349651133
chrX	30000000	35000000	5000000	20	510	1574048.83	0.314809766
chrX	35000000	40000000	5000000	20	511	1952144.25	0.39042885
chrX	40000000	45000000	5000000	20	512	1875324.0	0.3750648
chrX	45000000	50000000	5000000	20	513	1947113.0	0.3894226
chrX	50000000	55000000	5000000	20	514	1932214.585	0.386442917
chrX	55000000	60000000	5000000	20	515	1960165.665	0.392033133
chrX	60000000	65000000	5000000	20	516	1897030.495	0.379406099
chrX	65000000	70000000	5000000	20	517	1890617.0	0.3781234
chrX	70000000	75000000	5000000	20	518	2123227.0	0.4246454
chrX	75000000	80000000	5000000	20	519	1959673.0	0.3919346
chrX	80000000	85000000	5000000	20	520	1846253.0	0.3692506
chrX	85000000	90000000	5000000	20	521	1873719.0	0.3747438
chrX	90000000	95000000	5000000	20	522	1939473.25	0.38789465
chrX	95000000	100000000	5000000	20	523	2011070.0	0.402214
chrX	100000000	105000000	5000000	20	524	2076404.0	0.4152808
chrX	105000000	110000000	5000000	20	525	1928629.0	0.3857258
chrX	110000000	115000000	5000000	20	526	1804099.415	0.360819883
chrX	115000000	120000000	5000000	20	527	1841526.0	0.3683052
chrX	120000000	125000000	5000000	20	528	1820777.25	0.36415545
chrX	125000000	130000000	5000000	20	529	1727361.825	0.345472365
chrX	130000000	135000000	5000000	20	530	1909129.0	0.3818258
chrX	135000000	140000000	5000000	20	531	1974462.0	0.3948924
chrX	140000000	145000000	5000000	20	532	1946852.5	0.3893705
chrX	145000000	150000000	5000000	20	533	1952136.0	0.3904272
chrX	150000000	155000000	5000000	20	534	2023503.0	0.4047006
chrX	155000000	160000000	5000000	20	535	1944623.0	0.3889246
chrX	160000000	165000000	5000000	20	536	2032143.0	0.4064286
chrX	165000000	170000000	5000000	20	537	1968987.0	0.3937974
chrX	170000000	171031299	1031299	20	538	68519.415	0.0664399121884
chrY	1	5000000	4999999	21	539	1514389.165	0.302877893576
chrY	5000000	10000000	5000000	21	540	1932143.0	0.3864286
chrY	10000000	15000000	5000000	21	541	1906321.5	0.3812643
chrY	15000000	20000000	5000000	21	542	1858717.83	0.371743566
chrY	20000000	25000000	5000000	21	543	1841808.495	0.368361699
chrY	25000000	30000000	5000000	21	544	1948688.0	0.3897376
chrY	30000000	35000000	5000000	21	545	1950489.0	0.3900978
chrY	35000000	40000000	5000000	21	546	1863381.0	0.3726762
chrY	40000000	45000000	5000000	21	547	1941746.0	0.3883492
chrY	45000000	50000000	5000000	21	548	1866587.915	0.373317583
chrY	50000000	55000000	5000000	21	549	1920914.5	0.3841829
chrY	55000000	60000000	5000000	21	550	1857870.33	0.371574066
chrY	60000000	65000000	5000000	21	551	1921655.0	0.384331
chrY	65000000	70000000	5000000	21	552	1842761.33	0.368552266
chrY	70000000	75000000	5000000	21	553	1942494.0	0.3884988
chrY	75000000	80000000	5000000	21	554	1945511.0	0.3891022
chrY	80000000	85000000	5000000	21	555	1942418.0	0.3884836
chrY	85000000	90000000	5000000	21	556	1930990.0	0.386198
chrY	90000000	91744698	1744698	21	557	339179.665	0.1944059459
chrM	1	16299	16298	22	558	5988.0	0.367407043809
